852537
853670
855637
854903
854253
855570
855637
854903
854253
855570
853563
854420
855905
854280
854061
852444
851954
852563
855988
851985
852382
856694
855135
851190
850888
850400
851087
853243
852499
850330
851882
850585
852641
850539
851051
851562
854732
854024
852045
852030
851236
854637
854836
850451
855366
856618
852897
851522
854010
851289
856573
856417
850505
855412
853819
854647
855450
852377
850504
851917
856218
856210
856691
853488
852793
852793
850455
855689
851880
852200
856032
850555
855535
851362
854037
855423
854817
850766
853494
854183
854037
855423
851986
853906
850756
854013
851051
854353
856837
851682
851657
852462
854915
854889
852563
855988
851985
853968
853965
855066
853796
850562
850886
855837
856108
852638
856316
850940
854916
855475
855214
854912
856091
854728
854235
853416
852883
851565
851048
855491
852826
852511
855763
856222
854026
852391
852189
856855
854721
852412
854682
855266
855263
856887
853242
855521
851089
856418
854504
851204
852563
854294
856899
854265
855066
853796
852135
856502
850506
850405
856316
855401
855941
1466431
856394
856741
852704
856104
856310
855201
855535
854746
854037
855423
854978
855920
853900
853271
856519
853865
853339
853362
853889
850803
856167
851882
855844
855221
854769
852821
855962
851086
856322
850490
850673
850429
856249
855532
852833
853071
856136
853729
855136
852171
854197
851879
851957
853348
855328
850418
851041
851882
851041
851882
851105
856389
853872
855958
854412
852655
855044
853131
856111
855780
850431
851997
854302
850504
856916
851670
853717
850648
850707
851320
854780
852366
852194
855411
855911
854417
853494
856311
856430
856741
852135
856502
856097
850821
852637
854246
853679
855347
855858
850450
852499
852193
856136
852949
855971
854539
852949
851468
856477
856612
852316
855130
853733
853275
856169
853390
856925
853965
850886
856053
853535
855256
854840
853286
854699
851059
854018
852789
854814
854339
852606
856680
854247
856859
855517
854244
853528
854847
855952
850893
854568
851569
851569
850865
851766
851468
856836
852211
856375
853654
856187
853771
855103
855428
852391
855357
854836
852030
851236
854637
850451
855366
856618
852897
851522
854010
851289
856279
852478
856444
850631
852293
854686
854685
852331
854447
853039
855660
854916
856496
851946
854151
855020
855018
855720
855428
856014
850376
853497
854795
855988
856899
851985
852563
854339
852606
852099
855230
855827
856477
856477
851061
852305
856781
854766
854350
854981
855688
855688
853743
853497
856223
850399
855066
853796
852407
856214
850330
853770
850440
850399
850399
851368
854276
855618
854815
851097
855535
854151
855020
855018
855720
851878
852114
855535
855535
852638
856774
853559
856504
851974
854287
855535
853502
852563
854294
856899
856254
850966
850414
854657
853970
855535
855535
855535
855535
855535
850890
855535
854386
854386
854386
854386
854867
853177
855775
855567
855446
851742
851112
851798
851019
853338
851019
850966
855749
853492
855399
855399
852136
852131
856769
855554
2732686
855311
853227
854934
855688
855688
853743
856769
855554
851988
856323
856642
853509
850505
851520
854086
856092
850346
855728
854136
856354
856429
852429
852030
851236
854637
854836
850451
855366
856618
852897
851522
854010
851289
853848
854851
851207
856913
851667
854556
856804
856044
855206
855205
851653
854394
856423
853041
856726
853041
853131
852064
854980
852215
853367
853131
856223
853563
850861
851758
854472
850861
851758
854472
853416
855016
856887
851641
854650
853973
856887
851641
855263
853242
850555
854650
853973
850861
851758
854472
855598
853659
854483
854030
855475
850797
853193
851368
855747
850403
853241
854836
856316
853770
855201
851041
851882
854136
852259
855446
851452
853965
852062
851452
853965
852062
851452
853965
852062
854314
856316
856774
852638
851368
853541
853223
856732
852638
852663
852638
856593
852638
852638
855836
856612
852316
855130
853733
853275
854157
856507
850358
851024
855747
850403
853241
851019
851209
856097
853857
856275
852412
855415
854029
856097
851803
855044
853229
853770
852391
851835
850713
855426
855102
855729
855202
851737
852533
852248
850320
852127
855911
850388
856412
855399
855399
851105
856180
854541
854246
855347
855858
853888
853363
850320
852127
856279
852478
856444
850631
852293
854686
854685
852331
854447
853039
855660
854916
856496
851946
853600
851882
855022
854542
854725
851220
856736
854280
851724
855704
850822
856382
855418
854036
856517
850630
854459
854460
854388
855463
854840
854840
854840
853551
850504
850504
855962
852322
853682
852717
853131
851364
853902
855401
851364
854314
851643
851014
850935
856355
850399
856898
852953
855612
855315
856220
851024
856020
854657
853970
850619
854822
852233
856389
853872
855958
854412
853214
852602
854635
854008
853204
853209
853235
854276
855618
854815
853644
855196
856772
854425
853856
856316
851190
850888
856544
855560
851019
851209
854276
855618
854815
850966
856912
856408
850579
855456
856514
856409
850580
853037
852961
851145
851086
851319
44005
854780
856474
850453
854053
852101
850511
852984
855783
856227
852233
854517
853131
852638
853681
854301
851993
850991
853593
852574
855707
855266
852412
854682
851368
852177
852638
852850
856612
852169
852582
850827
851729
852377
851368
851380
855948
853733
855130
856612
852316
850453
855783
851475
851452
853965
852062
856418
853729
855136
853729
855136
855031
852892
855602
856517
853352
851742
855869
856702
850543
853177
855775
856294
852326
852311
855529
851461
851408
854810
853825
855462
852864
855933
854999
855017
855478
854435
856862
851545
850941
855653
853107
855656
854675
850429
852521
852520
854353
855656
854675
855356
851061
852305
850507
850686
853870
854152
850941
855013
854903
852783
855926
850863
853226
850554
851310
850763
851996
850367
855532
852135
856502
851829
852995
853131
854187
853458
850894
856178
854379
855984
855980
856617
855808
855041
851720
854404
855532
851513
855518
853798
850941
852721
851092
854517
855750
855247
856683
855761
852825
852114
851878
852114
851878
850490
850683
856322
850673
850861
851758
854472
855048
853675
851764
850444
854456
854845
853395
853465
853106
852563
854294
856899
853642
852099
851879
854662
851250
854734
855837
850659
853213
854630
855377
856940
850660
853231
850650
850706
856393
855302
852410
855906
855054
853568
850391
856699
853603
853603
856911
856911
853352
850767
854142
854273
854201
855956
853647
856519
855920
853900
853271
853865
853339
851565
850435
851410
854286
856442
851881
853313
855963
853477
856229
855096
852431
851028
856069
852577
852783
855926
854387
855952
856275
853857
854662
856648
856263
852655
853783
852305
854089
854283
851415
855625
854268
852949
854119
851019
851209
855766
853023
853023
853665
854494
855284
854769
852821
850742
855053
852638
853803
856867
851724
855704
850822
855751
856106
852376
851631
853902
852171
853273
856318
855739
856387
855892
853688
852567
853884
851241
853393
854694
852329
851918
853651
853997
853064
856361
853133
856023
852709
851789
850453
854053
852101
850511
852984
855783
856227
856020
852068
854391
852513
856519
855920
853900
853271
853865
853339
852410
854276
855618
854815
856648
856263
853783
852952
856600
852719
854144
851457
855953
854657
851957
852348
851501
851018
852848
853318
856101
851508
855532
852536
855771
851085
853635
854813
853863
856226
853563
854431
850650
850706
855538
854441
851312
851536
850620
851019
850897
856815
852179
851879
851957
855772
853502
856279
852478
856444
850631
852293
854686
854685
852331
854447
853039
855660
856279
852478
856444
850631
852293
854686
854685
852331
854447
853039
855660
852667
850354
853201
850803
852814
851452
853965
852062
855342
851634
852410
852422
850499
851648
856926
855571
851685
850772
2732686
856165
852386
855094
856219
852422
856823
852224
854089
856178
855598
854030
853659
854483
855598
853659
854483
854030
855386
852681
850625
856615
853613
853551
853596
852004
854201
854273
854142
855221
855844
853659
855598
854030
854933
855598
854030
853659
854483
856580
851129
856580
851129
851713
850645
850678
853978
856350
853198
853198
853979
850678
853978
856350
851713
850645
853198
850678
853978
856350
851713
850645
850545
856520
851882
851882
851882
853932
853304
40382
853638
851452
853965
852062
854748
853301
854379
855984
854942
852011
852077
852101
854053
854274
851033
854427
852410
852757
856732
853784
855745
853961
851364
852538
852136
850450
853834
851656
852354
855612
855315
856307
850623
855029
856398
856814
854736
855447
852690
855990
851358
851401
851024
856507
850358
856742
853912
853104
852361
850489
854530
855863
852121
854139
855451
850665
855854
852360
856646
850333
852429
855453
851616
851317
856349
852946
853869
853466
854966
850833
851564
852286
854485
850777
854533
851358
856514
856358
856219
855656
854675
855103
853771
851190
850888
851126
850490
850683
856322
850673
853997
853770
852084
850732
853123
850444
854051
854276
855618
854815
852833
853071
851898
856454
855762
850433
856017
855057
850488
852530
853271
855600
853620
855385
851354
850471
856017
856245
850488
853967
853131
856926
856111
850781
852597
853985
851051
854353
851667
856913
851207
850429
851567
854903
853471
855048
851996
853630
854790
853942
856125
853868
850429
855952
854223
856214
851458
853100
853439
854191
856844
852114
853882
853366
850666
850414
853812
855430
852240
852219
852664
856749
855548
852032
246497
856551
853644
856141
852079
854168
854371
855565
856534
854267
856171
852401
856412
850388
853300
853729
855136
856246
856712
854811
852250
855044
856255
852325
852312
855691
851105
854763
856766
850630
853783
856381
855460
851677
852692
854985
856291
853636
851561
854287
851974
856504
852446
853559
853600
853093
852961
851145
851086
855745
856732
853961
852757
851635
854694
850760
856178
855094
853836
856836
852211
856375
853654
852547
854480
855948
856648
853783
851274
855953
853855
854024
852045
853390
856123
856125
851150
853852
855104
854053
852101
850453
850511
856913
851667
855197
854386
851737
851789
855948
854781
855034
855827
855230
853452
855230
855827
853675
851667
851207
856913
855827
855230
853595
850746
852663
853390
855288
854495
854808
856734
854539
852660
855016
852079
850450
856277
851968
855356
856098
855656
854675
850429
850892
856136
853439
853100
854026
856136
855450
854647
856566
853157
854742
854542
854981
855598
853659
854483
854030
854550
855936
852322
851858
851485
855532
852231
851713
850678
853978
856350
853198
853979
850645
852019
850585
851882
855477
854235
853416
856313
855874
851501
852638
856295
856508
851960
856387
855911
851810
852284
853286
853984
851059
854699
853298
853138
850872
855424
853131
851196
851710
855048
850497
854474
854244
855450
854647
854089
855661
855647
850779
855725
851115
851488
852373
852563
851452
853965
852062
856739
852399
852659
853260
850553
855274
850438
850353
852747
855347
855858
852171
854197
855860
851918
855117
854763
851452
853965
852062
852077
853390
856316
853603
855496
855478
851485
851858
856777
855025
852980
856916
851670
853899
853347
850601
852622
854773
856186
854694
854158
852709
856071
851610
851609
852876
851608
855196
853560
854820
853108
854018
850898
852638
854551
851819
851323
853125
856835
852212
850562
852747
851362
852949
854901
851170
855587
854439
856435
856303
856771
856669
856722
856722
856669
856722
851452
853965
852062
850585
852283
851811
850399
854505
851203
852724
854102
852695
855261
850361
855732
856107
855002
850973
853857
851029
856919
850793
855999
852470
854886
855082
853393
850860
852235
856089
851416
856303
856771
856031
855266
856478
855409
856316
855061
852059
852001
854875
854352
850990
850807
852042
851756
852497
855332
855844
855221
852734
853442
856411
856612
852316
855130
853733
856455
850429
851818
855532
856887
851641
855263
853242
850555
854650
853973
853312
850809
856744
856125
856123
1500489
856919
853187
851529
856153
856387
856508
851960
856612
852316
855130
853733
853780
856823
852224
850642
854767
852282
856842
852199
855835
854855
852546
853842
855840
856254
856132
850941
856279
852478
856444
850631
852293
854686
854685
852331
854447
853039
855660
856494
852839
851567
853037
856277
852276
855652
850912
855186
852039
855925
850889
854682
853147
853148
851613
852358
856141
853581
850745
854282
851493
850871
855723
854714
852198
852325
852312
856387
856277
856804
854556
856044
855206
852270
855205
855753
850415
850415
855753
853450
851146
851444
856074
856382
854036
855418
856502
851473
851473
852018
854327
852018
854327
856365
856772
856920
853853
855725
856131
856921
851672
856449
853934
852528
856290
850803
850450
852499
852193
855103
853771
855441
852872
851860
854542
854217
856279
852478
856444
850631
852293
854686
854685
852331
854447
853039
855660
854916
854542
855891
852646
851976
855228
855228
854533
855950
855911
3799974
856322
850673
850490
850674
852212
856835
854556
856804
856044
855206
855205
853364
856146
855950
851457
853757
855109
855108
854555
852518
855289
856913
851667
855197
855602
856517
854331
852868
854187
853729
855136
854504
854933
854822
856498
855678
854697
856514
856277
850942
854070
855308
851930
854933
856165
852386
852244
852344
855807
854802
851574
854324
856049
854175
852015
854506
850369
851814
854677
856076
856916
851670
853242
854387
852243
855906
851332
851086
852961
851145
853056
856236
851400
853002
850907
853003
856237
851191
853352
855458
852068
851561
852365
852713
855470
854693
855674
852579
854391
853620
855385
851354
850471
856017
856245
850488
851337
851100
852200
853908
853332
853131
850782
851819
851323
852638
854130
856243
851392
850903
853589
850621
853502
853416
854539
852035
851445
851471
853332
853783
856354
852228
854418
855157
851713
850645
856350
850678
853978
853198
854551
853739
851063
852867
854542
853352
852186
856856
853770
854073
852131
850346
855728
856568
853163
855769
850437
853869
853466
853671
852783
850589
856576
856511
856160
850809
853596
852004
853887
851274
851661
856652
856511
856561
852839
851908
850574
852826
852511
852663
853390
856178
856165
855094
853836
852386
853690
851800
855440
852307
854647
855450
856394
851888
855291
856393
854080
856863
855480
855678
854697
856498
854697
855678
853525
854050
851995
852108
856670
853508
855913
852172
853158
856567
854696
854205
851865
854495
855288
854808
856734
854519
855616
855974
851121
856799
850762
856222
853056
856435
854278
852317
854766
856781
854350
850979
856143
852560
852583
850543
852892
856502
856036
850966
852467
855998
852992
854037
855423
853479
856751
852243
855906
854818
852452
855602
856517
853991
856502
852135
850453
855783
855561
856394
856741
855424
855598
854483
854030
852391
853030
855875
853675
854334
851891
852951
853598
855594
855243
855949
850811
850812
854857
851722
854797
854018
856382
855418
852034
851457
855950
853364
856146
856237
853271
855920
853900
856519
853865
853339
855594
854583
854582
854605
854604
855612
855315
851386
850469
851386
851481
856804
854556
856044
855206
855205
853845
851237
854557
851311
854411
854768
854914
854887
853707
856014
854598
854595
854596
854597
192469
854604
854582
854622
192470
854627
192471
853568
855054
855080
850502
852117
853357
850906
850714
853755
850785
856221
850370
853844
855949
854857
850812
850811
851722
854797
855581
854601
192467
854096
856769
855554
854775
855625
854268
855625
854268
853056
855625
854268
853056
851330
851957
852406
854040
854040
855446
855927
853590
852589
852024
854430
854856
854601
854900
851171
851843
852979
850372
856399
855742
851158
855795
854025
852030
851236
854637
854836
850451
855366
856618
852897
851522
854010
851289
855399
850506
853395
853106
853465
856411
853442
855953
852949
856452
856452
854241
853455
855180
856394
856741
852283
851811
852283
851811
855446
851609
851608
852876
851610
855993
854556
856804
856044
855206
855205
856434
854918
852169
852250
852380
855078
854709
856460
850620
852507
852818
852519
852092
852092
853463
851478
851427
854118
851990
851052
856709
851404
851509
854584
852169
856612
855130
853733
855259
852772
851617
852457
856076
853718
853585
854026
853169
856579
855848
855373
854575
856289
852495
850372
853312
855645
854668
851810
852284
853717
850648
850707
855801
852925
851083
851654
854855
852546
853842
850370
850314
852130
854812
855976
851386
850469
855949
850812
854857
850811
851722
854797
850506
856452
852410
854289
853705
851541
854098
854986
852051
856413
852606
851481
855836
855224
852306
855911
850593
856290
855645
854668
855866
854878
854280
851724
855704
850822
853390
856840
851259
852203
850636
853418
855512
851369
856840
850636
851259
852203
853418
855512
851369
856294
855634
854688
852663
853671
853214
852602
854635
854008
853204
853209
853235
853155
855245
855836
855224
851886
853025
856268
853568
851386
851322
856925
854231
851368
854826
852416
852772
854749
852039
852011
855029
856398
852058
854984
852058
854984
856394
856741
850737
853128
856384
856010
855250
852476
853135
854826
852416
853169
856579
855848
855373
854575
854646
854866
851005
856165
852386
855094
851092
856394
856741
855645
854668
853077
853077
855902
850902
850527
856090
854981
854981
853997
855888
852276
855621
852092
853562
855483
855682
850844
854150
852283
851811
852283
851811
852283
851811
852283
851811
852283
851811
853252
852577
853593
852283
851811
852283
851811
852283
851811
855535
855535
850846
851245
852523
851415
854283
853390
854037
855423
854151
855020
855018
855720
854151
855020
855018
855720
852233
852233
853099
856477
856477
856059
856059
854856
850504
850504
855704
850620
854658
853969
850620
854658
853969
855475
855475
855475
855475
853965
853965
853965
853965
852058
854984
852058
854984
852556
852556
850966
851565
855949
855949
850812
855949
851722
850812
852663
852663
852638
856316
855824
856884
853056
855399
853974
852338
851590
853974
852338
851590
853974
852226
852530
854268
855625
853056
855976
851097
855653
853107
851368
853123
850732
850444
852688
852436
855343
852670
854778
852092
854452
853377
850963
852332
850659
853213
854630
855377
856940
850660
853231
856318
853418
852203
850636
851369
851259
856840
855512
853789
851018
851501
856418
851501
854504
851204
856840
850636
852203
851259
853418
851369
855512
856461
855053
852638
853803
856750
852543
852774
854050
851995
852108
851352
852543
852774
856640
855809
851352
852543
852774
854050
851995
852108
851352
856692
855313
854865
852522
855653
856289
856289
856899
852563
855988
854294
854111
851216
854156
855636
855480
854038
856536
856394
856741
852818
852519
852507
853118
852378
853955
856194
851386
852442
850568
854144
855950
852577
850950
852719
851457
852457
855060
855059
852211
856836
856375
854093
853654
853651
856912
850579
856408
853165
852385
852684
856145
852380
852250
855078
852380
852250
855078
851152
854948
856626
853970
854657
853771
856925
852772
856418
854504
851204
856418
854504
851204
850556
856811
855328
855132
854987
854695
855675
851818
856418
854504
851204
856418
856563
854504
851204
853979
853198
852011
850659
853213
854630
855377
856940
850660
853231
851609
851608
856071
851610
854301
851993
853681
856452
850314
852130
853390
853809
852842
855858
850885
851707
851707
854394
856112
850962
850569
854778
853169
856579
855848
855373
854575
852888
853767
852378
853118
853955
852883
852412
855949
851722
850812
854797
851807
850450
853272
852530
851974
854287
856504
853559
852446
851433
850330
852499
851193
854529
855224
855836
856236
853002
851400
850907
853003
856237
852772
852406
852543
852774
854050
851995
852108
851352
856751
851105
856240
850727
850643
853541
856702
852142
856533
856533
856533
856147
851974
854287
856504
853559
852446
853699
856443
853325
851752
853959
855081
853705
854098
851541
852424
856769
855554
854775
853562
856769
855554
854775
856769
855554
854775
851190
850888
853798
852638
850568
854533
852754
852563
855988
851985
854391
855404
855780
850431
851111
850523
853334
856763
853904
852283
851811
853286
854699
851059
854682
855837
856769
855554
856391
856121
852988
854946
851153
855976
855976
855976
856438
850588
852403
855483
854387
853882
852709
850886
855860
856129
853803
853390
852638
851512
853390
851089
856316
852638
852638
856316
852638
856316
850636
852203
851259
856840
853418
851369
855512
856461
850930
856916
853390
850714
853755
852169
856709
852063
853836
855094
851452
853965
852062
854287
856504
851974
853559
856709
856769
855554
854775
851803
855898
853275
853688
852316
852949
851368
854105
854690
853386
853567
852241
855611
852802
855245
853155
854284
851798
851368
856918
854409
855960
851335
851418
852804
855903
855730
852638
856750
855053
853803
852663
854855
852546
853842
854762
856062
851524
850992
856241
853674
853262
853674
853262
853705
851541
854098
852782
856769
855554
856769
854775
851391
856394
856741
856394
856741
856318
855860
850886
853064
856228
852639
850614
850317
852128
851167
854791
852451
851006
854663
852171
854197
851877
853389
852171
852663
852848
856750
852638
856182
850838
854776
854227
850330
852878
855838
850295
856819
854639
854638
851722
850812
855949
856891
850907
851400
853003
856236
853002
856237
854981
852062
854981
852062
856070
851839
850543
850543
856417
855012
856753
852662
854256
855631
853884
856417
850966
850454
856520
853870
856420
853870
852239
851610
851609
851608
852283
851811
856448
854391
853338
852011
856398
854948
851152
856626
850450
852193
855878
853770
854073
854456
856836
852211
856375
854093
851450
852457
852424
853782
852437
854073
855034
853230
851820
851013
853671
852638
850514
854253
854903
856609
856323
856642
853191
851539
854095
855538
854441
851312
851536
855669
854692
850685
852522
851286
851543
856472
851548
853610
856610
852617
852017
854295
851272
853878
853670
854855
852546
853842
853798
853798
850391
856699
853523
854197
852171
854525
855976
851818
851982
851383
853688
855898
853275
852316
853997
850873
851400
853003
856237
850907
856236
853002
855898
853688
853275
852316
856321
856419
852543
852774
851417
851352
854347
855241
854973
853375
852587
852839
852042
850909
851898
856454
855762
850433
856251
853839
855227
854056
855543
851254
856612
852316
855130
853733
853275
851368
851368
851368
854383
851368
851368
852614
856766
851810
852284
850676
856292
852878
854505
851203
850782
850523
853334
856763
853904
850523
853334
856763
853904
851285
856745
853520
856801
854744
851879
851957
854370
851099
853598
855645
854668
851501
851690
850778
856236
853002
854552
856876
852240
852011
854551
851260
856027
852011
855029
856187
852169
855130
856079
856318
855706
851415
854283
852457
856076
853718
852984
852316
856227
856612
856680
854247
852260
854425
851018
854551
851488
851115
852373
856123
855725
855196
855725
854820
852177
855362
854882
854544
853036
851063
853266
851501
851368
851394
851452
853965
852062
852838
855716
853788
851477
855173
854552
856876
850346
855728
856912
852883
855094
856165
852386
854732
853640
852986
853781
856059
853115
850827
851729
852131
856917
856917
855034
856924
851676
852265
852931
856425
853696
850785
852119
851700
856686
855842
852406
856423
854394
853861
856386
850764
851266
852262
853311
853573
853669
855768
851241
851241
856899
856218
853456
853168
850611
853456
856218
855956
853647
853219
854965
851386
851456
852377
854480
852547
852931
852265
856425
853696
854693
855674
852579
852949
853174
851368
854854
854853
853840
853936
855483
855483
851881
856442
855538
854441
851312
851536
855538
854441
851312
851536
855538
854441
851312
851536
855538
854441
851312
851536
851368
855214
854912
856091
856134
853583
855214
856188
852414
856438
856438
856912
853165
851260
856925
850673
856322
850490
850674
856741
856394
856432
856424
852215
852064
854980
850799
852064
854980
852215
851560
856656
852026
853844
850875
850876
851921
852130
850314
854065
851217
851217
852194
853003
856236
853002
853002
853252
856322
850673
850674
855052
856330
853117
855052
856330
853117
855052
856330
853117
851733
854897
850914
853489
850892
850902
855501
851073
854529
851193
855929
850328
855574
851501
852949
856741
855169
856059
854856
853183
853912
850489
853104
852360
856646
851317
854530
855863
852361
852121
854139
855451
850665
855854
850333
852429
855453
851616
856349
852946
854556
856804
856044
855206
855205
855137
855206
854322
854382
853405
853709
853510
856664
851148
856876
854552
852265
852931
850877
852113
854981
852062
854778
854778
853573
853311
854479
853427
853091
855716
852513
856486
856581
856581
855661
855647
855725
855130
853733
856612
852316
852169
856612
855130
853733
852316
852169
850860
852235
855149
850715
856924
851676
856924
851676
854192
854815
854276
855618
854980
852064
852215
856353
851687
856612
856219
850946
856548
856744
851321
851906
855844
855221
851221
852691
851010
853594
850668
850616
854892
856512
852730
855658
856734
854808
854495
855288
853783
856648
852838
854821
854116
852554
851713
850645
850678
853978
856350
853198
852432
851810
852284
855956
853647
853595
850746
852240
851533
853274
850366
853686
856130
850980
852501
850747
852565
850747
852565
852830
855801
851259
856840
852203
850636
853418
855512
851369
855998
852467
856612
856720
853242
856702
856438
853033
853146
856807
851368
854383
853675
851979
853531
854059
854392
850509
850750
853098
854854
854853
851311
855522
852276
852332
854537
850999
856543
853131
853131
853059
852895
854354
850994
850614
852639
850317
852128
856314
856418
852371
854504
851204
856418
854504
851204
855538
854441
851312
851536
851700
852740
851410
850415
855753
854396
852984
852316
856227
856612
852042
854691
854265
855066
853796
851196
851862
852598
853836
853836
856178
856178
856418
854504
851204
852124
850322
852302
851551
851079
850824
851725
856823
852224
851558
851425
851346
853712
854483
854030
855598
853659
851977
851006
855169
854261
852462
854261
855169
851396
853313
854406
855963
856316
850886
852327
854509
851614
852319
851575
852259
855131
853732
856870
856167
854441
852779
852810
854525
851726
856626
854948
851152
854855
852546
853842
852456
854682
851466
851312
853409
852788
852703
855066
853796
854265
851979
856597
855928
854549
855834
851068
852934
853121
853041
856394
853717
850648
850707
851342
853503
856682
851084
853418
851584
853852
855414
854028
854229
850953
854467
856716
853747
853675
855584
851768
854328
851386
855368
855926
855926
854673
855655
852462
855203
856887
851641
853242
855263
854650
853973
850555
851494
856111
851481
853777
851481
853994
855426
855102
852383
856746
856322
850673
850490
850674
854431
851695
850427
856178
853670
856404
853583
855214
855359
852418
856196
852202
856067
853350
851076
855477
852169
856530
856146
853397
851114
851974
854287
856504
853632
853529
851014
850935
852233
855640
853362
853889
854394
856423
856415
853700
854116
856079
854646
851419
851336
854353
855837
852752
856084
854443
854965
854063
854651
854976
851500
855137
851882
851882
851882
851882
851882
851882
851882
851882
851882
851882
851882
851882
851882
851882
851565
851048
852003
853334
850523
856763
853904
855807
851574
852015
856049
854506
850369
854802
854080
854324
854175
856454
851898
855762
850433
855669
854692
852349
854306
850803
856167
850803
856167
853313
851396
853968
855275
855228
855664
852713
854135
852372
855828
852059
854278
853313
852775
855972
852489
856026
852487
856024
853587
854468
855270
854040
856862
855834
854549
853482
853932
853304
40382
852862
856128
855020
855720
854151
855018
853862
854777
855302
855302
854556
856804
856044
855206
855205
854339
852606
850592
851729
850827
856689
851892
856533
854294
853882
853366
853839
853230
851820
851013
854584
855544
850873
850873
850873
851789
856178
856178
850612
855137
856470
854946
851153
853344
851433
852193
855258
850613
854108
853527
853418
851582
855897
856537
856860
855568
855897
855723
850871
851493
855446
852066
854255
853462
851358
850950
852719
851457
855205
856434
856784
854759
854262
850769
850496
850721
854027
856447
856447
850721
854027
856581
856790
854981
852062
856065
853849
851468
856465
853438
854359
850367
851996
856044
851624
855036
851237
854557
851311
853817
854657
851501
853970
852822
853116
854513
855474
856145
851587
856402
856823
851558
852224
853771
852721
854825
853821
855897
851089
856830
856731
852258
852667
851653
854997
850641
850641
850641
850998
851432
851899
853316
851432
854265
853409
851565
854897
854954
855170
851480
855409
853992
855170
851480
855409
853992
852766
856932
856932
855257
854166
854166
855264
856722
856741
856394
854303
854714
850342
856733
856876
854552
854965
851285
856745
856111
850781
852597
854192
851831
855032
853870
850686
854386
852187
851450
851414
856290
853718
850398
854934
852924
856388
853864
853447
851412
851610
851609
851608
852709
853871
853884
854256
855631
856417
855012
855012
850543
856417
854938
855012
850543
856417
855860
852748
854693
855674
852533
856316
852638
856569
854680
854465
854680
854465
855691
852308
851572
851487
853800
855056
853153
856563
855865
855137
855206
852291
853878
854435
852376
851631
853242
856887
855263
853497
853497
853497
853497
853497
851203
850782
852316
856612
855130
853733
853274
850366
852638
853688
855898
853275
852316
851274
856188
852414
856504
851974
854287
853559
855061
854549
855834
856136
852071
851273
851274
851396
852119
853760
850334
851273
853997
856589
853172
850346
855728
856912
853666
855532
855532
855925
856702
854399
854157
853313
851396
851420
851420
850489
853912
851317
853104
854139
856349
852946
854369
853807
851671
856520
852216
856648
853783
850888
851190
856316
852638
853390
852074
852638
852638
851985
855988
856785
854760
850838
856182
852639
850614
850317
852128
851167
850317
852639
850614
852128
852811
851063
850301
854287
856504
851974
853559
853862
852788
855066
853796
852703
853409
853016
852594
850606
853558
853023
855602
855013
854533
852789
854814
854310
854775
856769
850945
854310
855779
852722
856306
856306
852722
851824
851410
851968
855418
854036
855418
854036
852666
855869
852591
853521
850868
853775
851192
850803
850803
856167
856547
853698
855598
854483
854030
855456
856498
855678
854697
855055
854508
853367
853882
853366
855228
851942
856491
852275
854203
850290
855642
850722
855642
850722
853097
852773
850562
852763
852088
855962
853760
852119
850334
856840
852203
850636
851259
853418
851369
855512
856461
853613
856615
851610
851609
851608
856674
856674
852503
855538
854441
851312
851536
855538
854441
851312
851536
855538
854441
851312
851536
855538
854441
851312
851536
855538
854441
851312
851536
851812
851452
850962
850569
854913
854501
856428
851894
852230
856154
852537
856607
853083
852612
852004
856322
850673
850674
850683
850490
851431
851113
854646
856322
850673
850674
850683
850490
856726
856143
856143
852746
851991
856143
853922
853569
852608
855837
855656
854675
850429
856219
855656
854675
850429
850429
852322
852783
855926
850905
856687
853699
856443
854669
852916
856152
851063
852122
854543
851063
851452
855595
851660
853181
855565
856534
1466503
856305
850868
855857
855710
856126
856814
854736
853991
851929
852080
856178
855949
851452
853965
852062
850790
850410
854273
854201
854497
852047
850785
851700
850366
853686
853274
850334
851312
851536
856178
851743
852692
851321
856123
852533
852248
852533
852248
856753
852662
851148
851148
851441
855016
854867
854359
854886
853352
850429
853390
852638
854046
853848
854851
852597
856111
850781
851810
852284
850543
855412
853429
854855
852546
853842
855725
853856
852391
853856
852391
853697
851659
851620
856740
856821
855595
851647
851339
851421
855766
852200
856006
855036
852122
851624
852772
852406
850504
853933
853303
851584
851394
852816
851885
856371
852892
855031
852211
856836
856375
854093
851967
852873
850930
850330
850676
851635
850543
856417
855012
850755
856203
851886
856753
852662
854256
853884
855631
856417
852432
850543
852376
851631
851015
851757
853034
851666
856417
856222
853528
851532
856530
856146
852625
851461
851335
851418
854261
856317
851665
853056
855625
854268
853056
852231
854197
854087
852171
851162
854939
852922
851058
855844
855221
855150
850716
852082
856401
851168
856368
856156
853557
856294
854688
855634
854688
856249
851979
854185
851095
852586
852969
851742
854270
856097
850882
852111
852122
854709
856460
855829
852472
850919
850445
855128
850868
856727
852533
852248
856924
851676
851036
852212
856835
851641
855625
854268
853056
856395
852388
854263
855628
856870
852046
854992
855923
856870
852406
852406
852406
851979
851557
852834
856839
852206
853249
851082
855174
851476
852443
855036
851624
856704
856924
851676
850397
853248
856250
853015
854982
852061
855643
851104
851498
851636
852337
851589
854330
856312
851984
850528
851159
851159
855575
850981
851984
856312
852964
850981
851159
850839
854261
854433
856891
856352
850682
852013
856753
852662
852440
855466
851379
852231
856610
853610
851339
851421
855766
850504
856294
855634
853993
856015
852479
851979
855701
852294
852283
855701
852294
852283
855701
852294
852283
855701
852294
852283
855701
852294
852283
855701
852294
852283
855701
852294
852283
855701
852294
852283
855701
852294
852283
855701
852294
852283
855701
852294
852283
855701
852294
852283
855701
852294
852283
855701
852294
852283
851810
852284
851810
852284
851810
852284
851810
852284
851810
852284
851810
852284
850505
851000
854357
856853
852191
853684
853056
855625
854268
852376
851631
854117
855773
856805
854741
852911
851045
856868
852686
854338
850969
854387
854385
853986
856811
854387
852853
853250
851484
851122
855881
852742
852185
852976
856217
851823
854794
850590
856660
851733
855762
855587
850864
854658
853969
854658
853969
856277
853037
856387
852276
856702
853723
853461
855429
851203
854505
850782
856394
856394
856741
853644
851676
856924
852822
852685
856751
852122
852034
851035
851928
853305
853931
856677
853506
855143
850504
853364
856530
850504
852955
851495
852406
851339
851421
855766
854840
854204
852865
855645
854668
850504
856271
852376
851631
856195
852415
852419
855239
855587
850504
854889
854915
854889
854915
850506
854776
854227
855700
852295
855700
852295
852283
851811
855700
852295
855700
852295
855700
852295
855700
852295
855700
852295
855700
852295
855700
852295
852222
851407
851485
851858
855043
852011
853122
851452
853965
852062
852833
853071
856687
856459
850419
855757
851789
1500489
855256
856537
855568
856860
855897
854664
855832
851400
853003
856236
853002
850907
856237
856844
854191
850666
852433
853529
855993
854114
851218
852608
853309
851076
856452
850952
852902
853598
853031
852946
856349
852121
850665
851616
852361
855453
855265
851611
851755
852553
855410
850397
853248
851937
852188
853867
852443
855911
856792
855600
855600
852852
853051
856197
856544
855560
851979
851418
851335
854261
851335
851418
855541
852379
852254
852042
855700
852295
853817
855700
852295
853817
856394
855656
854675
856219
850429
851724
850822
851724
850822
853551
850836
855630
851190
850429
854826
852838
852011
852709
851610
851608
856071
851609
852876
851207
856913
851667
851207
855197
856913
851667
853507
856672
852685
852065
851562
853836
850877
852113
856779
853540
853365
856201
852457
856076
853718
856290
851450
852457
856076
856076
852457
854776
856076
856076
852666
852806
854307
853164
856613
853612
854901
851170
855587
855860
856140
853624
850759
851351
851239
851238
853131
854542
855716
852513
856486
855475
853131
856908
856351
855925
855656
854675
856219
850429
852308
851572
854973
853375
852587
854973
853375
852587
856318
855837
854694
855584
855475
854913
852946
856349
852121
850665
851616
852361
850333
852006
853131
856581
854162
852835
853155
855245
852878
856909
851909
852042
854981
852062
854981
852062
854815
854276
855618
855860
854549
855834
856016
852480
856016
852480
856016
852480
855053
853803
852638
853664
852169
853733
854681
852684
851727
856648
855948
854391
854657
851501
853970
856316
855053
853803
855704
851724
850822
856069
851840
855976
855283
854489
851396
853313
854406
855963
855538
854441
851312
851536
852931
851076
855587
852030
851236
854637
854836
850451
855366
856618
852897
851522
854010
851289
850952
850366
851536
851169
854902
855636
852011
855029
855554
856769
850570
851063
853739
854981
852062
856769
855554
855053
853803
856867
856741
853267
856519
854742
855633
853773
852233
855248
853492
855858
850885
855858
850885
851632
856316
852806
853612
854307
853164
856613
855214
854912
856091
855399
852576
853399
856705
853590
855927
854430
852833
853071
851862
852598
855828
852059
850445
850445
852169
856612
853733
855130
855898
855009
854287
856504
851974
850395
856924
851676
855952
856178
853494
853870
850686
854386
855053
852638
853803
856750
852169
855130
853733
851613
852358
856195
852415
852169
853733
855130
853744
855898
854693
852579
854415
855140
853727
850290
852543
852774
854050
851995
852108
851352
852136
852694
850706
850650
855320
854584
851368
852568
851896
852412
855346
855108
853757
853757
855108
855109
851874
856016
852480
855538
854441
851312
851536
855837
856831
856926
852638
852638
852064
854980
852215
852638
855053
853803
856750
856178
856076
855415
854029
854740
853699
856443
853811
851896
852568
854542
851729
850827
855602
856517
854192
850807
852602
853204
853214
854635
854008
853209
853235
855459
856892
851019
851209
850644
851019
851209
850644
852042
850346
855728
853229
854302
852011
850429
852042
851153
854946
851137
852335
852209
855183
854068
852314
852599
854889
854915
852011
853833
850914
854168
853489
854933
855515
856165
852386
850846
852523
850846
851245
856645
851102
851802
852257
855561
856654
855964
854405
852494
855155
851713
850678
853978
856350
850645
853198
853979
851488
851115
853390
852638
856316
855050
1466434
852992
854037
855423
855048
851368
850405
852030
853928
855512
856461
854662
851330
855535
855535
855535
855535
855535
855535
855535
853723
853461
851895
856419
854197
852171
854525
850429
850919
852472
850623
852971
854431
851086
851041
851882
852592
851032
853167
852762
852881
854981
852062
855948
856648
855844
855221
853227
856911
855097
851531
851383
853664
856423
854394
855931
851803
851977
854043
852773
853097
853918
850496
851368
851368
850346
855728
855836
850429
850429
855656
854675
850429
850429
855656
854675
850429
850429
855656
854675
855837
851745
853729
855136
856418
854504
851019
850585
855988
856899
851985
852563
856362
852109
855708
855083
850990
855044
853846
852135
851274
853452
853194
851777
856053
853551
855231
855750
855247
850314
852130
856223
856316
853242
856887
855263
853973
856129
854869
854693
855674
852579
851724
855704
850822
852638
856298
850704
850906
852088
853760
852119
850334
851797
853064
853997
856382
854036
856502
855418
855404
852364
852064
854980
852215
854406
855963
853313
856425
852265
852931
853696
856382
854036
856502
855418
855747
850403
853241
852135
856502
850713
856422
852579
854693
855674
853419
851594
853277
855647
850779
855254
855942
851977
853798
853350
851076
853688
853275
855898
854778
852276
852042
855728
852042
855728
852042
853422
854854
853792
855518
855266
855844
855221
855787
855911
853387
856017
855057
855385
853350
856912
850579
853165
856408
852190
855210
851041
853967
850570
851368
855177
851898
856454
856316
854179
856814
854736
853177
854456
853902
851446
852793
852793
850434
852099
854937
853244
851163
852352
853147
855871
855220
850914
855908
853293
854789
855281
851627
854657
851501
853970
854181
851226
852675
851544
855587
852131
854252
854989
850429
852077
855783
852984
855053
853803
856867
850935
850742
855076
854444
853551
853551
856566
853157
853574
851903
855082
854255
850506
856322
850673
850674
850641
855783
855950
853475
850538
851682
852433
855386
856181
852681
855953
850568
854144
850568
854144
854144
850568
855339
856104
856310
853938
851756
851201
855834
852437
855633
853037
852276
856361
854235
853416
850298
855387
850893
853574
853574
851424
851424
853400
852886
852886
852886
852429
850418
853300
856101
854256
855631
852567
853884
854294
851985
854294
851985
854938
854829
853131
852857
851608
851609
851610
854889
854915
854889
854915
856600
856056
851250
850391
856699
855789
855226
850798
856702
851475
855482
856466
850506
856125
856358
856123
852358
850691
856169
852549
856481
851019
851209
855986
853131
854542
853675
854540
852580
851019
851209
853688
853275
855898
854778
853718
856290
853350
850734
853064
854144
850568
851457
850651
855412
851196
853997
853064
856361
854845
852848
855068
851337
856507
850358
851024
853784
855745
852371
852371
851324
852218
850904
851190
855252
853452
852065
852245
851141
855228
854294
851985
854845
854845
854035
855929
855574
850328
852233
851018
853928
853698
853896
853933
853303
851584
851394
852816
851885
855491
850450
853222
854102
854901
851170
856741
852076
852307
851006
856353
851687
855690
856933
855983
855716
853997
855547
853131
850719
854363
852411
853086
851211
854462
852211
856836
856375
853654
856732
855745
853961
852757
856926
856831
852673
850346
855728
853390
852638
853390
852638
856316
856316
853770
852437
851707
850637
1500489
856233
851175
853859
850647
852870
852697
852990
853589
851392
850903
852391
851700
850785
852119
854408
852088
850540
851660
854260
855269
851576
855884
855201
856895
852530
850412
856017
855057
850387
856327
853588
854179
855441
852872
854657
851501
853970
856163
854427
856016
852480
856911
855097
850450
852499
852193
856091
855214
854912
852717
854908
856904
852066
851061
852305
853967
851263
851813
851041
850541
850949
850939
851781
855607
856515
854876
852222
856060
854079
850712
852180
854949
853550
856223
856134
851024
850358
856507
852950
853539
851804
851373
855310
855547
850977
850623
851447
851874
852136
853681
854301
851993
851098
851338
853494
853861
856386
854789
851607
855651
854469
851190
856292
850450
852136
855464
856560
851115
851488
852373
852007
850687
852667
856898
852953
851501
854462
855860
852821
854769
852821
854769
852821
854769
853732
855131
851450
855950
851457
855860
854468
855270
854179
854179
852296
855309
853743
855688
855561
852984
852042
855951
854653
851368
850422
850608
853770
852437
850505
856417
854938
853064
854817
851107
851265
855988
854981
852062
852609
853147
856144
852168
852316
856612
855130
853733
852338
851590
852675
851544
852533
852248
852533
852248
856061
855538
854441
851312
851536
850392
852736
852973
854956
852107
854319
855835
855144
854549
855834
852316
856612
855130
853733
853688
852371
854497
856408
851518
856912
853165
853641
856311
856430
856311
853227
851114
852342
852905
851042
853009
850652
852497
850445
854875
852001
854993
855267
856736
852839
852377
852377
855897
855418
854036
850687
852783
855926
853603
856386
853861
850807
856514
856409
850580
853037
851727
852484
851303
852905
851042
853516
856436
853893
853965
854383
851368
856736
852065
850346
855728
856912
852883
854533
854257
850803
854533
851977
855602
856517
854192
855524
850395
852951
850745
851891
856514
856409
850580
853037
852233
856724
852793
856866
852696
851742
851112
855130
854505
851203
850782
851717
854197
852171
853523
853131
853131
852096
852662
856753
853271
856519
852663
853390
852638
856397
852638
856316
856316
853965
854538
851024
856507
850358
851804
852950
851373
853539
851140
851455
854136
853968
851018
852169
852169
851723
850419
855757
856769
854834
854775
856377
854568
854956
854179
850803
852014
851746
855483
854845
854749
850568
854144
850950
850290
856654
855964
854405
852494
855276
851388
851437
856316
851643
855221
855844
854201
852042
856262
850450
850950
852719
854769
852821
852265
852931
850585
854693
855674
852579
855700
852295
855518
852721
850933
852878
854425
852822
850573
853386
852065
851865
854205
852283
851811
851810
852284
851879
851957
853839
851323
851819
854533
851457
854350
856781
854766
850979
851368
851368
854693
855674
852579
854693
855674
852579
856398
853830
856374
852903
853286
854699
851059
853286
851059
854699
856014
853886
855304
852225
854302
851997
854742
851710
851654
856764
853747
856370
850430
852663
852663
852647
856761
854647
855450
855099
850873
853783
850776
852563
854294
856899
855423
854037
852351
854713
855711
850785
854742
853671
855864
855295
851364
853492
851499
853322
851724
850822
850953
854467
853112
851954
854061
852444
854293
855679
852815
852655
855479
852639
850614
850317
852128
852985
854046
854170
854647
855450
856648
852216
855603
852638
856316
856243
854130
855446
852382
852638
856137
854533
850352
856467
853997
852114
850873
853744
854518
855090
851455
853739
851063
850501
850761
851926
856480
853949
851358
856911
850491
854932
856521
854236
851364
850456
855784
855393
856316
850955
854151
855020
855018
855720
852699
852456
856056
852391
856123
856867
851724
855704
852638
850822
854556
856804
856044
850886
855491
850429
854419
850506
856042
852212
856835
853973
856316
851110
853710
855622
853710
855622
850504
850504
854916
855013
850430
856563
854225
854568
855716
852513
856486
850642
854767
850964
854342
850728
850673
853393
851509
854693
855674
852579
856613
852806
853612
854307
853164
852523
853882
853366
851368
851368
854037
855423
852992
852382
855860
851501
852412
855214
854912
856091
856134
856279
852478
856444
850631
852293
854686
854685
852331
854447
853039
855660
854916
855763
854466
854466
856912
853165
856408
850579
851654
852786
854789
852833
853071
850520
855988
851985
854302
856899
856316
852577
851654
852065
851763
852335
852209
855183
855107
852314
854125
852926
851064
850846
852523
854332
851452
853965
852062
852456
851320
850555
854342
850964
855008
856744
853901
855837
855988
851985
856899
851251
852652
851252
854369
853428
850504
856418
852115
854504
851204
850953
854467
850584
852028
850436
853350
851076
853809
852172
853843
853590
854430
855927
851488
851115
852373
854419
853871
855595
853131
850739
855458
853142
855997
851049
851942
856491
855878
855801
853031
853520
855495
856734
856023
850584
852028
853494
853384
856056
855969
851569
855267
853899
853347
850601
852622
853433
853397
856771
856031
853390
855787
855911
852567
851547
854930
856514
856409
850580
853037
852638
853142
852620
854124
854746
854497
854497
856912
852041
854055
851019
855128
853738
851190
855746
856529
851583
850966
856123
856867
851724
855704
852638
850822
856095
855287
856307
850435
855763
854513
851748
853546
854082
856394
856530
851719
851666
855538
854441
851312
851536
852329
855423
856762
856290
855520
852905
853138
850577
856004
850577
856004
853138
856722
854541
854725
851220
855936
856724
850740
852481
856018
851810
852284
852494
855230
855827
851817
855763
853062
853109
851501
853888
853363
854173
852905
855366
851042
855976
852986
853739
851063
853974
852338
851590
855406
850624
855490
853771
853724
850346
855728
856125
856123
856514
856409
850580
853037
854781
851942
856491
854901
851830
855583
853942
855358
853200
852522
852288
856702
852065
850942
854070
855311
850678
851713
853978
856350
850645
853198
853586
852782
852068
856486
852513
856276
856144
852168
854337
856236
852563
854294
856899
853390
856660
850590
854794
852814
851835
855948
854903
855306
850654
853492
852411
854284
851789
850806
850983
854881
854677
855902
855401
855423
854037
852992
856916
852011
855029
856917
856860
852499
850330
854294
851985
856886
850904
851324
855061
850510
850300
851748
850619
856188
852414
852638
851501
853494
852104
852079
853423
855596
855396
855929
855561
852077
851501
851018
851884
854294
851985
852563
856899
851212
852099
851471
853888
853363
851485
851858
855912
852796
854431
852572
851501
850429
852961
851145
851086
850500
851417
852108
856494
853236
852149
853216
854009
850770
856496
853623
850536
851333
855023
856492
851944
856640
851946
855809
851352
855398
851943
852774
852543
856444
850631
854050
851910
852822
854517
852564
854449
856021
853348
855583
853857
853416
854235
853770
854073
850807
850809
853717
850648
850707
853717
850648
850707
855656
850429
854675
855837
853717
850648
850707
856657
854918
855707
850991
853593
852574
851878
852114
856702
853717
850648
850707
855390
852070
854159
854034
855417
854816
853908
853332
852382
852038
856279
852478
856444
850631
852293
854686
854685
852331
854447
853039
855660
851968
854170
851488
851115
852373
850320
852127
852992
854037
855423
852685
851406
853908
855874
854836
852030
851236
854637
850451
855366
856618
852897
851522
854010
851289
856279
852478
856444
850631
852293
854686
854685
852331
854447
853039
855660
852523
850846
854717
850904
851324
854151
855018
855020
855720
854765
850539
851368
854302
851997
854742
851452
853965
852062
852985
851957
850732
850444
853123
851332
853390
851654
856916
851670
854768
854887
854914
853707
855053
853803
851724
855704
850822
854463
855581
854037
855423
855423
852804
855903
855730
855637
854903
854253
855637
854903
854253
855570
851748
855561
852077
854419
852233
852122
852391
852283
851811
852283
851811
853945
854217
851829
852407
856614
853267
854012
856473
853114
852412
852971
853028
856143
854419
854376
855520
852905
852832
853707
854037
855423
854037
855423
855423
855423
856001
856417
850543
856850
851531
856677
853506
852382
853570
851321
851761
855586
856121
855641
856391
854921
855329
851212
854115
855080
850502
852406
856318
852949
856087
851521
851802
851654
850290
852011
855830
855641
856121
856391
856140
855894
850846
852523
856123
852732
851606
853857
856275
851512
851089
852638
854199
853147
855700
852295
851786
856883
850862
854053
852101
850511
851137
852571
853699
856443
854669
854346
851136
853576
850691
850691
852329
856144
852168
852225
855304
854130
854414
856616
854895
850409
854786
851613
851501
855553
850568
854144
851457
852719
855858
850885
856570
852119
853760
850334
853153
856563
855865
852678
856316
853560
853372
852797
855403
850846
851245
852523
854445
855824
856884
851358
854094
851006
855553
855807
854802
851574
854324
856049
854175
852015
854506
850516
850509
850750
5848745
854789
852275
852169
850511
855090
856123
856125
855905
854102
850430
851512
851089
852193
855396
852329
851019
855321
856777
854020
854889
854915
854060
851126
856319
852410
850819
852695
852826
852511
854702
856000
850445
856667
854553
856869
852678
851865
854205
851979
853773
853739
851063
856031
856771
853455
851706
852494
855168
852755
852567
852638
850320
852127
853186
855215
855877
856492
852543
852774
854765
854267
856171
852401
854297
853699
856443
854040
851148
855034
856828
855535
856032
850555
852767
850504
850504
850504
850504
850504
850785
851700
852119
853760
850334
852088
853744
856891
855757
850419
855273
854470
854261
856279
852478
856444
850631
852293
854686
854685
852331
854447
853039
855660
852114
850710
852102
854160
853839
852638
855446
850945
852378
853118
853955
854694
854694
853555
855483
856213
856587
853882
853366
853367
855266
851581
852330
850391
856699
856786
856699
850391
856041
851898
856454
854420
856616
855003
856922
851911
853367
852973
853851
853547
856010
855250
852476
856398
855029
854394
856423
853390
850429
855656
854675
855656
854675
850429
852624
855207
852030
851236
854637
854836
850451
855366
856618
852897
851522
854010
851289
855730
856912
853165
854494
855284
851786
854903
853348
855196
855999
852470
855622
853710
850727
855301
853963
853878
853386
853925
850631
851352
852366
853861
856386
854789
851481
853037
856277
856777
855965
855948
853783
852638
852839
850445
856307
854934
851076
852638
853390
852638
851396
855708
854346
856316
851688
853332
850398
854061
852444
851954
854370
854419
855656
854675
850429
853541
853928
851190
852638
853005
852030
851236
854637
854836
850451
855366
856618
852897
851522
854010
851289
851997
851358
851934
855524
853332
850398
850398
856353
855976
855598
853659
854483
854030
856781
854766
852961
851086
852992
854037
855423
850711
853096
852401
854267
856171
854297
852391
856507
851804
851373
851024
856899
852563
854294
855988
854943
850873
851190
853452
855337
850418
851960
856508
856387
852391
854052
856101
856899
854294
851985
852563
856559
855200
853352
851273
852011
854346
855032
851652
850619
851435
855263
855535
856032
856032
851641
851435
855263
851641
854650
853973
850555
855263
855729
855202
854700
850508
854700
854471
851624
855036
851800
855440
855700
852295
855700
852295
855700
852295
856230
853580
855897
856537
856860
855568
854889
854915
854150
856415
853700
856758
855875
850951
855718
850519
852382
852647
856761
856762
854021
854693
855674
852579
852638
856478
853011
850785
851700
853635
853522
853744
856884
855824
852539
855611
851501
854916
850770
854060
854916
853236
855095
854887
854768
854914
854950
852753
855396
851137
853784
855745
851746
856820
851471
854918
854656
855315
855612
854335
855895
854435
854710
851842
852283
851811
852757
854903
856373
850835
854700
850508
856111
853906
853427
853091
856502
856209
856125
856123
854030
854483
855598
855598
853659
854483
854030
854483
854030
855598
853659
856032
852114
854432
855188
851810
852284
853710
855622
852366
851698
853349
855558
850996
851150
852638
853016
852703
855066
851406
854370
852638
851565
852011
856398
853276
851908
852861
850574
855420
856210
852736
856418
854504
851204
853352
854934
855411
855625
854268
851137
853996
852777
852544
853965
851497
853332
853783
855061
854682
855518
856131
856376
854853
854854
853698
856702
855396
851146
851444
856074
856919
854867
851086
852961
851145
855995
853806
851740
851190
853606
856022
853421
852609
854694
853429
853153
856563
855865
853417
856175
850602
854820
852068
856612
852316
855130
853733
853275
851980
853641
854555
852661
854867
855339
851957
851501
853354
854926
850619
852882
851264
856510
851226
851325
853721
851512
851089
852638
855911
853312
850430
853147
855837
851503
851273
852825
852287
855127
854903
856048
854282
856626
854948
851152
852638
854647
855450
854650
853973
854700
850440
852233
854728
855230
855827
854394
856423
854765
852059
854516
851199
855498
855941
855611
854149
854051
856608
856346
855893
851844
851779
850955
855716
855547
851920
850857
850852
850850
850855
852194
856180
853445
854817
852683
852947
851071
853877
852707
851821
854960
855083
854781
854037
855423
851533
854080
851859
851633
850369
854337
851787
855535
855902
850659
853213
854630
855377
856940
850660
853231
856612
855091
851245
854160
852102
850710
854052
851988
854111
851216
856873
856391
856121
852988
854320
856323
856642
851682
854419
850450
852499
853332
854742
855834
854549
852839
851938
856427
851135
851957
851501
850732
850444
853123
852124
850322
852302
856014
854747
856279
852478
856444
850631
852293
854686
854685
852331
854447
853039
855660
854916
850781
852597
852753
855475
852472
850919
850445
855128
851119
852011
851724
852880
850659
853213
854630
855377
856940
850660
853231
850418
852259
850781
852597
856111
852609
853848
854694
850418
854480
854052
856514
856409
850580
853037
855162
851380
854938
853491
854738
851019
855888
852322
852813
853316
851899
851065
850991
853593
852574
855707
853223
854235
853345
854411
856771
856031
856781
854766
854350
850979
855066
853796
854151
855020
855018
855720
855611
852675
854181
851226
852675
851544
853390
852881
852762
856596
854201
854142
854273
855221
855844
852655
855104
854909
856502
852638
852288
850420
852924
850504
853509
850505
855747
850403
853241
853770
854533
855860
855878
853300
850873
855605
853928
852752
856084
850568
854144
851457
855950
853861
856386
855807
854802
851574
854324
856049
854175
852015
854506
850369
854449
856021
851957
851501
851018
855926
852783
855926
852783
852283
851811
855763
851857
854199
851857
854199
853761
852429
855103
853771
852083
854795
855801
851926
850501
856480
850761
853641
855888
854025
854903
854037
855423
854387
852066
853928
854647
855450
855418
854036
856533
856279
852478
856444
850631
852293
854686
854685
852331
854447
853039
855660
855941
852638
855390
852070
851704
850947
854396
855962
853494
852957
852402
851335
851418
851335
851418
856290
856167
851450
855214
854912
856091
850950
852719
853706
855977
852477
854332
855739
856207
850819
851048
852866
850334
852119
853760
852088
855284
854494
851786
853096
850711
853096
850711
856899
852636
853307
853927
854200
855602
856517
854694
850349
853193
850797
854290
856732
854820
854462
850314
854388
855463
851249
853929
851249
853929
856092
851520
854086
854190
850324
852585
850991
856882
851638
850914
856222
854943
854123
853397
855301
853968
855158
853552
851654
850304
852741
852088
853760
856318
855032
851831
854767
852694
855331
854138
851887
856078
851752
853959
854818
851932
851501
855491
854737
852398
856077
850358
856507
851024
852638
851704
850947
852070
850420
850501
850761
851926
856480
856303
852695
852068
855319
853589
850903
851392
851364
856750
850399
850543
853930
854088
851525
853079
852291
855976
855920
853900
853339
853271
856519
853865
854016
856279
852478
856444
850631
852293
854686
854685
852331
854447
853039
855660
851141
854279
853131
852897
852702
854213
851019
851450
852189
856855
854721
856645
850947
851704
854037
855423
854037
855423
851033
854427
850398
852399
851146
851444
856074
853191
854080
855952
850893
853705
851541
854098
850550
852011
856593
850539
854765
856307
850422
855177
852926
851064
855807
854802
851574
854324
856049
854175
852015
854506
850369
851453
856316
855501
855128
853738
856800
853374
852695
850515
855706
852095
853512
853552
850552
850797
853193
850749
851141
850682
856352
856769
854834
854775
856377
852181
853679
852961
851086
856316
852638
851810
852284
851018
853453
852119
853760
850334
852088
855396
856837
855053
852638
853803
855022
854327
852018
854067
855497
853367
853492
853492
851539
854095
856452
855261
852410
853187
856919
855929
850328
855860
850441
851558
856316
854062
851261
852065
854786
851444
851146
856074
851936
851364
854731
851379
855588
851182
850466
854267
854916
855660
850996
853552
851376
856638
851865
854205
851846
856738
855844
855221
856502
854456
853702
855632
855249
854332
855948
855107
852335
855349
853639
852102
854160
854052
856533
855518
853810
854853
855266
851569
854916
855023
856775
855905
853888
853363
853390
853861
856386
850445
850578
854183
851710
854420
855540
852798
855910
854514
853259
856222
855641
852696
856866
853818
851147
856852
852961
851145
851086
854026
856134
852672
856896
856539
856423
854394
853861
856386
853153
856563
855865
856370
853968
855003
856922
856616
856859
855517
856373
851917
852751
854847
855682
855567
852925
851372
855517
851520
856092
855897
856537
856860
855568
850312
851273
853153
856563
854738
854038
854658
852582
852638
853593
855427
855725
850779
853277
855254
850602
852749
853433
851882
852406
850314
852130
856823
852224
856316
855475
856316
852638
854694
853147
855774
852839
853082
853390
856316
852259
854261
854908
852953
856898
856171
852401
854267
854297
850990
854352
853005
851168
850976
856214
852638
850405
855895
856123
856125
854903
853390
852663
854535
851657
855408
850445
855143
852740
856316
852699
854781
853908
856307
856614
855938
852212
856835
853973
856316
851207
856913
851667
855034
851113
852663
850805
851440
855261
856058
854081
853827
856369
854420
855540
854682
850290
853588
856649
854164
850412
851146
851444
856074
855910
852798
855446
854462
854812
852915
852307
850843
854974
854380
850568
854144
850950
852719
851457
855742
850795
852122
852624
855207
855598
853659
854483
854030
853928
854332
850578
854183
852608
855521
856247
855427
854497
854034
855417
851137
854142
852638
850540
856316
856210
856691
853488
854204
854094
853992
853300
850561
856722
856669
852663
851878
852114
850941
853574
852455
853512
853552
855028
854693
855674
852579
856864
854187
853641
854555
853153
856563
856617
855808
853616
854836
854776
854227
852135
851786
855284
854494
853782
856519
855920
853900
853271
853865
853339
854327
852018
853242
856887
855263
851641
854650
853973
850330
853570
851321
851516
855216
852948
855184
854822
852233
854097
854334
851623
854459
854460
851580
851753
852919
852898
851452
853965
852062
852168
856144
850781
852597
856111
852354
855491
855491
850453
855783
852391
2732686
854995
852391
856777
856017
853620
851354
855385
850471
851096
854349
854662
850549
850652
854289
855196
854820
850714
850387
851368
856654
852638
855905
855583
851125
856475
851089
852758
852655
854119
854407
851786
855284
854494
850703
854066
856916
852618
850392
852194
851985
853264
850598
852638
856316
853696
855409
854227
853992
852468
856123
856125
855053
852638
853803
855704
853616
854876
852789
854814
850788
851703
853007
855832
850647
856155
852870
852697
851425
851346
853598
855865
853153
856563
852361
852121
850665
851616
852946
854530
855863
853912
854139
855451
855854
852360
856646
850333
852429
850489
855453
853104
856349
856179
853841
852826
852511
854232
850305
855795
854025
850578
854183
852114
854280
851844
856346
851779
855893
851107
851524
855196
856772
855254
855449
851364
853173
1466516
854786
856230
853580
851789
853598
853390
854060
852638
851364
854420
855540
852276
851095
852586
852497
853667
854694
856530
854414
856279
852478
856444
850631
852293
854686
854685
852331
854447
853039
855660
851350
854916
855567
853345
854965
851285
856745
852862
854781
850964
854342
853761
853761
853761
856349
852946
851190
850888
854449
856021
854336
851273
852782
851995
854050
852108
854445
851690
850778
853610
856610
853928
852406
851882
851882
851613
852358
852638
852543
852774
851352
853760
852119
850334
853274
850366
852088
851530
856123
850504
856919
855228
856911
854465
853490
854078
852481
850515
852695
851273
856221
850504
852136
850450
856594
852144
854981
850781
852597
856111
853928
855674
854693
852579
852757
855664
855077
852943
850517
851307
855830
855118
854855
852546
853842
850690
852050
854867
850628
852530
856846
851641
856887
850555
854052
851217
855615
854138
851207
856913
851667
856316
853659
854483
854030
855598
851051
854353
852274
852863
854075
852984
852316
856227
856612
854844
850788
851703
853007
850688
856886
856647
854037
855423
850947
856612
854149
851721
852476
856010
855250
854767
852694
854258
856454
851898
854236
856753
852662
856523
855593
851468
851482
852106
855710
854844
855674
853957
854449
856021
852599
852883
856391
856121
853558
856125
852189
856855
856910
853398
855101
852393
856608
855461
852699
852172
850693
853552
854235
853416
851740
850844
854990
852048
856658
855102
854290
851777
852884
856276
851710
855862
855268
854786
851770
852412
850562
850947
851704
852070
855661
855647
855725
856165
852386
855466
851379
854181
851226
851544
856429
853148
855424
850872
854332
851400
856236
850907
853003
853002
856237
853089
852136
852694
852193
850687
855747
850403
853241
851569
855183
852209
852335
856838
855588
851182
850466
852983
855373
856579
853169
855848
854575
855807
854802
851574
854324
856049
854175
852015
854506
850369
856049
855807
854802
851574
854324
854175
854506
852015
851633
850574
852861
855707
850991
853593
852574
852638
856316
854535
854369
854092
855869
852042
852193
854836
852030
851236
854637
850451
855366
856618
852897
851522
854010
851289
854353
856533
855656
854675
855656
854675
850429
853928
850489
853912
853104
854530
855863
852361
852121
854139
855451
850665
855854
852360
856646
850333
852429
855453
851616
851317
856349
852946
853233
854634
855802
852264
850463
850464
850465
855803
851051
851562
856823
851558
852224
854418
852228
856490
854230
855626
851024
854775
856769
855498
855014
854541
852171
854197
850798
852136
852694
855090
854454
855262
856445
854411
850405
850490
850683
856322
850673
852063
852063
851394
853933
851358
855103
853771
854789
853810
855518
854853
852119
853760
850334
852735
855976
854965
851285
856745
851768
855837
856029
852946
856349
852121
850665
851616
852361
853488
856691
855201
852607
854867
851685
850772
851714
853355
851580
851753
850653
856810
855392
850819
850405
853429
854938
852576
853399
853865
852066
852145
852467
855998
856507
850358
851024
855428
854473
851141
854236
853406
856611
856143
856418
852680
850951
855718
856899
853961
856732
855745
852757
853410
850914
853300
850398
851931
856316
851724
850822
854634
855802
853233
852264
850464
850463
850465
855803
852196
853421
852713
852365
851368
853432
855423
855600
852536
855017
855981
855386
856081
856290
851450
851146
856387
856277
856508
851960
851119
851488
851115
854418
852228
852065
851255
856519
855902
852042
852311
855529
852326
855483
851148
853167
853167
853583
852782
852311
855529
852326
855611
852802
850499
855471
850346
855728
851713
850645
850678
853978
856350
853198
852961
851145
851086
856085
852939
855104
856923
854229
852317
851310
853334
856763
850523
853904
856370
854319
853264
850598
855757
850419
850543
856417
855012
855656
854675
850429
856417
850888
851190
852305
852961
851086
850883
851452
854424
850624
854418
852228
855157
853161
852349
854306
853603
855350
854444
855076
853965
851358
855524
852225
855304
852283
851811
851810
852284
852709
850664
855855
854248
850585
851154
851822
854765
850539
851410
856796
850893
852193
851200
852189
856855
855498
854816
855243
853082
851015
856595
854156
856544
855560
855631
854256
852567
853884
851286
851543
856472
856714
852569
851103
855710
853342
850758
854867
854886
850318
853629
854159
851704
855411
854935
851256
851924
855037
854509
851810
852284
856318
855755
853926
853308
854160
852102
856168
853651
852261
856263
855237
850498
853322
851112
850543
856417
852395
852131
854901
855707
852574
850991
853593
854075
854517
851874
850401
850578
854183
853037
856277
855097
853197
855821
851898
856454
851488
851115
853733
855130
856612
854867
850453
855783
853733
855130
852218
856316
856069
851840
853644
854994
856529
855746
852937
854700
850508
855479
850517
854818
851932
851687
855472
856617
855808
852307
856744
854344
850974
853551
855664
852257
853455
853774
853946
854220
850712
852440
851819
851323
850862
852523
855230
855827
851926
850501
856480
850761
852491
854811
851467
852638
1466469
854092
855869
856367
855597
856577
851442
851710
853390
852638
853056
851190
850888
856575
852758
854822
852233
850694
855388
856181
852681
851248
853997
852497
853908
850820
850314
852130
852270
852961
853928
855498
856912
856408
850579
851921
851439
853173
855282
851329
850606
856246
852609
851627
855929
850328
855574
856433
850543
855012
851334
853962
856002
851520
854086
856092
852676
852778
853574
856402
851587
851802
853250
850529
853750
855265
853997
854168
852520
852521
850347
851657
851657
854461
852099
850530
855254
854426
851027
855911
853616
856323
856642
852362
856700
856099
856016
852480
850762
852034
855695
856427
851938
850411
852655
852207
853317
855141
855101
855321
853593
855707
850991
852574
850828
855649
856386
853861
851117
854334
851842
854710
851907
856463
854769
852821
853714
850295
856819
854639
854638
851362
851997
854302
855892
852406
856318
851858
851485
850819
853930
855553
850290
855757
850419
855273
854470
850652
854495
856734
855390
851857
854199
852070
855396
850659
853213
854630
855377
856940
850660
853231
853081
850511
853481
856105
853729
855136
854504
851204
854789
856712
856132
853390
850822
855778
854265
855066
853796
854694
854018
854909
851926
850501
856480
850761
856087
851471
856409
850580
856514
853037
856766
853707
852638
855599
856140
854457
850953
852992
854037
855423
853056
852406
854681
850343
852533
850418
850388
856412
853159
853193
853965
853552
852455
853512
851504
856892
856009
852951
850745
850973
856533
856543
854414
856616
851471
854551
855468
856862
853198
850678
853978
856350
851713
850645
853198
850678
853978
856350
851713
850645
853928
856901
851482
852106
854287
851974
856504
853559
856020
851041
851882
850313
854812
850314
852130
854404
855964
854405
852412
856070
851839
856852
851147
854484
853246
856369
853827
856123
856125
855350
852638
852462
850602
853202
853277
854279
854695
855675
852283
851811
850605
852584
852783
855926
851744
850605
852584
853050
853862
851241
850764
855541
850785
851700
855962
854408
855950
855538
854441
851312
851536
853271
855920
853900
856519
853865
853339
851934
854867
853783
854867
852322
856435
856087
851212
855329
854115
854307
853612
853164
856613
854307
852806
856613
853612
853164
854854
856772
854820
856462
855182
856316
855871
855220
853390
851882
853644
851882
852065
852608
851190
856917
851812
855822
853535
854154
856695
850450
852193
851882
851041
852839
854876
851710
853390
854149
853832
851721
853390
851980
855911
853580
856230
855390
852070
854159
854904
851654
853644
856397
852638
856316
850865
851766
854346
855524
850395
851190
850888
854201
854445
851460
853050
852638
856316
856316
853390
851501
854933
851955
856506
854919
856101
854420
855540
854682
852231
856457
853922
853276
853147
854144
850568
851457
851994
856219
853551
855709
851884
852136
852136
852694
852136
850450
855739
855468
852610
851580
851753
850868
854419
854419
855009
850785
851700
853760
853744
854013
850785
851700
853760
852264
853233
854634
855802
850464
850463
850465
855803
850490
850683
856862
850807
853770
854073
856158
854647
855450
852119
853760
850334
856081
856482
851536
851834
854417
856915
853632
856076
852020
852500
851501
853783
855446
852231
854302
851358
852189
856855
854721
854050
852108
851995
852543
854315
855449
853574
853433
853287
854144
850568
850950
852719
851457
855097
850778
851690
852283
851811
856316
854235
853416
851740
854111
851216
855765
851051
850619
856111
850781
852597
853811
850758
853342
854935
851256
852519
852507
852818
852696
856866
853818
855946
853452
854291
854650
856514
856409
850580
853037
852119
853760
850334
852088
854408
852119
853760
850334
853982
851706
852494
856279
852478
856444
850631
852293
854686
854685
852331
854447
853039
855660
854916
856496
851946
854867
853178
852044
855418
854036
855503
852624
855207
850659
853213
854630
855377
856940
850660
853231
855706
850875
850876
851682
852193
855256
851099
855168
852476
856010
855250
853447
853033
854855
852546
853842
855871
855220
856316
856251
854158
855323
856389
853872
855958
854412
852638
852663
853390
850418
851501
855051
854346
853352
853352
855917
855188
854432
852893
851039
854678
852066
856135
856737
855114
852030
851236
854637
854836
850451
855366
856618
852897
851522
854010
851289
853131
852667
855574
854328
856421
854549
855834
856011
852890
853922
855253
854735
853113
851464
851210
854879
856581
853233
854634
855802
852264
850463
850465
850464
855803
855701
852294
852335
852314
851931
853202
850779
856702
852394
855500
856417
852377
853298
855751
851882
852438
855357
855602
856517
853489
851918
854168
855647
850779
855254
854208
853146
852889
853252
855145
853716
853644
855948
851565
851048
851565
851048
852638
850436
855765
851076
851274
853768
854251
852783
855926
851452
850398
853089
855855
850664
855371
851444
854682
854853
854854
851024
856507
850358
855242
855284
854494
854694
853997
853064
856361
853922
853244
854937
851789
850732
850444
853123
855807
854802
851574
854324
856049
854175
852015
854506
850516
851076
853350
852316
853724
851013
853230
852875
851820
851452
851685
850772
856849
854292
851211
851452
852062
850349
851420
853333
853682
855656
850429
854675
855214
854912
856091
852322
851810
852284
852283
851811
851810
852284
851810
852284
851485
851858
856852
851508
854693
854844
855674
852579
855656
854675
850429
856702
851740
856277
856387
851740
856277
856387
851740
856277
856387
854686
850435
851834
854845
851362
853810
854853
855518
851146
854682
854854
851925
854748
854076
851710
850574
855739
852802
852816
855774
851692
853954
855161
851933
850689
852529
852529
852399
853153
856563
855865
853643
854889
854915
854780
856655
854903
852813
851877
854694
856210
856691
853488
856886
855201
852129
855080
850502
851908
851501
854397
855969
855282
854811
853848
854851
851148
853390
850383
853130
855860
852701
853566
852638
855284
854494
856760
850375
856140
850973
852958
854136
852880
855502
854711
856160
852945
855811
854919
855871
855220
856899
852563
854294
854286
851509
855763
852100
854165
855731
850356
850355
854019
855952
850821
852637
854246
853679
852638
853048
855993
852638
852904
855160
856577
855597
855637
854903
854253
855570
856316
852491
854811
850949
856404
856163
851267
854903
851595
855122
852407
855571
852593
856178
855094
853836
854903
855920
853900
853271
856519
853865
853339
855965
855716
854860
855688
853743
855688
850819
852283
851811
854809
856297
853452
853345
852548
854531
850754
855490
853771
853099
854854
855266
855518
854853
852834
853534
854778
852608
850950
852719
850632
850506
856320
853267
856516
855251
852020
856721
851830
855534
853810
854853
855518
850991
853593
852574
855707
856910
853390
852638
856316
855764
856234
855801
855641
856121
856391
855539
853332
854505
851203
852579
855021
852314
850646
852564
852743
855882
854761
854161
856787
851430
856611
855888
855952
850435
853908
850506
850344
855726
855876
856263
855920
853900
853271
856519
853865
853339
856267
854881
850585
854233
854163
851264
852882
856510
852703
852788
853409
855066
853796
854691
853016
855879
856723
851431
855514
853317
852921
855067
856263
853499
851087
850400
853243
856303
854465
854978
853767
854732
856079
852139
1466511
854445
852715
855411
853871
852692
856065
850803
852265
856548
852391
851840
850523
853334
856763
853904
853959
856247
854749
851006
856099
856277
851432
854336
852638
853307
853927
853522
850785
851700
853635
853760
850366
851312
853744
850785
851700
853760
853744
856123
856389
853872
855958
856389
853872
855958
853167
854297
854037
855423
852992
851521
856125
856750
852848
852638
854533
852537
855986
855869
856367
856111
850781
852597
855104
854650
853973
852200
851286
851543
856472
853147
852609
853944
851413
851501
851208
855446
853276
856514
856409
850580
853037
853532
855386
856181
850712
852945
855518
852456
854840
853583
855214
851670
851988
854693
855674
852579
856200
850359
854321
854983
851694
850504
850701
855613
851980
855104
855331
853776
855708
855950
855953
851274
851457
850568
853818
855336
854144
850301
852382
855926
854025
852543
852774
851352
853271
855920
853900
856519
853865
853339
852992
854037
855423
854818
852144
851882
853271
855920
853900
856519
853865
853339
854080
851633
851211
854085
851501
852663
853390
850550
855889
856012
855089
856389
853872
855958
851286
851543
856472
851286
851543
856472
851286
851543
851501
851018
850966
854703
852963
850808
853173
852399
855767
854694
855950
851457
851977
851039
852893
856611
854102
850430
855747
850403
853241
855746
851583
856529
852080
850429
854102
856208
855950
853900
853339
855920
853271
856519
853865
850947
851704
855223
854541
852822
854647
855450
856523
855593
856599
852638
856316
853928
855399
854789
853528
856502
854446
854157
854157
850774
855926
852783
855926
852020
852500
852200
854780
854075
851087
850400
853243
852439
852099
855473
852497
852767
850445
852399
852659
855613
853662
856819
850498
852651
850650
850706
856393
853147
855837
856370
853506
856677
850659
853213
854630
855377
856940
850660
853231
855934
855934
851569
854427
851033
856511
856053
851362
856600
856279
852478
856444
850631
852293
854686
854685
852331
854447
853039
855660
854916
851568
853641
851845
850633
851197
855412
850966
852779
851274
855953
855591
853367
853366
852250
852380
855078
851558
854213
852702
855263
851435
855535
856032
850796
852462
852371
852563
856188
852414
850785
854408
854417
852838
854821
854116
856862
850966
856368
851362
855338
852507
852200
856462
852567
854252
854989
850505
855475
853918
856389
853872
855958
854412
852230
853390
856490
855626
854230
851452
853634
852015
855807
851574
854080
850369
854802
854324
856049
854175
854506
854126
852397
855549
854157
855934
852304
851550
855737
855948
852963
851923
855968
854401
856132
855478
853409
854265
855832
856714
851286
851543
856472
854844
854533
853277
855954
853589
851392
850903
851882
854080
854802
850369
855807
854324
851574
856049
854175
854506
852015
854080
850369
854802
856049
854175
851112
856062
855271
854903
856111
850781
852597
850943
854672
854811
856712
852883
850520
855475
850641
852189
856855
854721
856645
854456
850664
855855
850869
855871
855220
851137
852296
855309
855469
853300
852537
854765
852993
855580
853367
853366
855319
856912
856408
853165
850579
854867
850798
855343
852436
852670
854448
852545
850987
852652
851251
852652
851251
851252
850578
854183
854812
856916
851670
854314
853470
856021
854449
854200
855602
856517
853882
853366
855725
852749
850779
853277
855254
850602
853300
853352
850712
851730
853552
850402
851181
852200
855682
851978
851978
851454
853910
855013
855953
850506
855934
850930
853366
853367
853882
852207
851561
856573
856087
856472
851286
851543
851214
855053
853803
856867
853848
854851
850666
851969
852815
851532
853335
853457
854721
855622
853271
853243
851087
850400
855871
855220
856522
852757
853784
854941
856426
850392
854832
855664
855090
853365
850627
855801
852854
856140
856178
855094
853836
852276
855481
853784
856732
851245
850846
852982
854159
854192
854168
855602
856517
855502
856270
856298
851204
854504
856418
854747
850376
853147
853954
852461
853956
855938
856614
851141
850318
856083
854466
853701
856781
854766
854350
851190
850888
852638
854418
855157
852228
853908
855168
855196
851495
851666
852822
855707
852574
850991
853593
851842
854710
852452
854168
853894
856616
851911
854154
854094
854762
851191
856236
854700
850508
851908
850947
851618
852129
856140
853118
853955
852378
856132
851329
855048
851399
851764
854309
854781
855042
852144
853452
854445
856220
855665
855039
855535
854075
851095
852586
853646
854258
856019
854732
856488
854436
856119
855746
856529
851583
851364
855474
853861
856386
854726
853544
851039
852893
850594
855948
850496
850769
852193
856862
856487
856476
855682
854387
851935
854407
851882
850641
855053
853803
856867
856123
856125
853243
851087
850400
853352
853352
851543
852670
852436
855343
852011
856398
853072
853590
854430
855927
854680
854465
851923
854444
855076
856294
855540
854420
850950
852719
852316
852011
854650
853973
855595
855276
852189
856855
854721
856645
852638
856316
856316
851725
850824
854535
853733
855130
856612
852316
850453
855783
852485
852988
856121
852081
855411
853570
851321
856087
852030
851236
854637
854836
850451
855366
856618
852897
851522
854010
851289
851273
856221
853718
850574
852861
855104
853852
850303
856862
852382
856123
856125
852638
853195
851882
855349
852314
852335
851485
851858
853535
851210
853113
851464
856537
856860
855568
855897
852796
855912
854542
852011
852025
855760
850431
854725
851220
856370
856681
856045
854511
851160
856774
853906
850756
851685
850772
853537
854504
851204
854046
855919
856014
854542
855347
851406
856859
855517
856165
852386
851754
852567
853884
850505
852835
855499
855858
850885
850878
856402
851587
850372
855012
850821
852637
854246
853679
855092
1466445
855994
853148
853352
852458
856050
856316
853109
851666
855508
856471
853910
851454
852885
854767
855487
853149
851704
850947
852070
853288
855594
854016
856727
854466
851471
856886
852073
851907
856463
851907
856463
855860
854457
855094
856143
851323
851819
851432
851884
856811
850556
854379
855984
853072
855569
854970
851065
853316
856726
852987
854023
855948
856382
855418
854036
851332
850630
851512
851089
855216
854504
851204
856418
850367
851996
851403
856722
856669
853390
852638
852822
851452
853965
852062
850846
851245
853300
852322
855883
852580
854540
853381
853595
850746
851740
853900
855920
853271
856519
853865
853339
851071
854434
856769
854834
854775
856377
856398
855029
850953
854457
850888
851190
851086
852961
851145
854342
850964
850394
851772
851520
856092
851748
856210
854563
854566
854563
854566
852241
853567
851699
852260
852580
853381
854540
856614
855938
853530
852088
852119
853760
850909
853871
850885
855858
853198
855885
852744
855044
852543
852774
851352
850453
855783
855561
852723
852220
852123
855892
853563
855280
855319
853629
854276
855618
854815
854089
854867
854094
850966
852567
854844
852785
854317
853382
851682
1466516
853563
853563
851581
852330
851581
852330
850599
851934
850322
852124
851079
852302
851551
851002
854274
852608
851979
855592
856349
852946
856648
853783
850430
856279
852478
856444
850631
852293
854686
854685
852331
854447
853039
855660
856123
852099
850749
856067
852202
855025
855450
854647
854713
855711
852351
855741
856092
851520
854086
854190
851207
856913
851667
855099
850775
852721
853668
852313
856372
853124
852647
856761
856762
853352
855092
854236
850796
855656
854675
850429
850846
851245
851379
852289
850947
851704
853547
855518
853810
854853
853798
851569
856462
854246
852481
856018
853995
852330
851581
854473
850561
855858
850885
854211
851634
852525
852667
850649
856553
855586
854934
855894
856316
852593
850456
855784
855393
855886
856507
850358
851024
853925
854721
856855
852189
851779
856346
855893
851844
852318
855350
852144
851725
850824
855077
854236
853406
855647
850779
855254
856365
854284
852749
856723
855335
851775
853327
856429
852323
853895
853160
856543
852354
850435
856123
856125
854382
854322
856063
852382
852357
851640
855497
855061
856726
852371
856436
853516
854877
855034
852131
856429
851876
851563
850609
853847
856790
855166
855544
850452
855594
852908
855746
856529
855594
856197
856486
852513
855716
854083
852242
851319
44005
855631
850449
854090
856442
855749
856092
850400
851087
853243
854954
855363
852170
855476
856485
854159
851704
852070
850947
852619
851698
854052
852258
854728
853006
853005
855626
854230
856490
850573
852638
854261
855196
856772
851453
855611
852802
856489
850821
852637
854246
853679
854097
853131
856612
851893
851417
852108
856494
853236
852149
853216
854009
850770
856496
853623
850536
851333
855023
856492
851944
856640
851946
855809
851352
855398
851943
852774
852543
856444
850631
854050
854889
854915
854889
854915
850982
850964
854342
855505
853928
855390
852070
851704
850947
851554
853352
852060
856691
853488
850915
854732
853640
852131
854813
853863
850392
850400
851087
853243
854950
855266
852412
854682
852497
852638
856316
854514
854514
853718
853350
856290
853734
855013
851274
851657
853308
853926
851547
853699
856443
854669
851683
851532
852780
856508
851960
856387
854647
855450
856099
855895
850790
855540
854420
856023
851979
851877
854057
854811
854334
855581
856316
852638
854126
852397
851019
856514
856409
850580
853037
853889
852233
854822
855957
855640
851389
853409
852567
853884
851409
852406
850324
852897
855210
853967
852065
852097
852826
852511
851741
855436
850757
853743
853348
855139
853628
854257
852422
855918
852186
856856
853390
850785
851700
852283
851811
855727
854781
852354
853454
852926
851064
853547
855654
856087
855965
851024
856165
852386
853131
854302
856899
851591
853526
853528
850942
854070
854111
851216
851957
851209
855860
851654
853928
852563
854294
856899
856913
851667
855197
850840
851213
852782
854260
854994
855535
856032
856382
851963
852135
856502
854978
856097
852782
853223
854225
851449
853928
856648
851150
856923
855104
856316
853887
856563
852212
856835
850806
850983
855943
856316
854257
852422
850399
850346
855728
853666
851877
855230
855827
851358
853159
854046
852497
856626
854948
851152
852850
854242
850423
851377
856125
850421
851143
853675
852233
855640
855645
853362
855238
855822
853889
853729
855136
853612
854307
853164
856613
854307
852806
856613
853612
853164
850656
853019
856260
856310
856104
852265
852931
851882
855429
853986
855454
854764
852023
850544
856088
853441
855956
853647
853978
856438
850588
851338
850702
853536
855441
852872
854255
855710
855987
856771
856031
851326
856403
855447
854570
856814
855990
852690
854736
856612
852316
855130
853733
856772
855725
855196
850779
855661
855254
854934
854325
851998
856310
854527
850584
852028
851623
856134
855934
850904
851324
852218
852949
851996
850367
851063
853739
852262
854527
853390
855786
854852
850328
855929
855574
853095
851005
853771
855103
853296
855103
853771
855103
853771
855725
850568
854533
855950
852532
852638
852353
855237
856502
852135
850833
855538
854441
851312
851536
855725
850779
853277
855254
850602
852749
855788
855552
856758
855875
850951
855718
852734
852763
852763
855597
856577
851213
853583
855214
851861
853965
850372
854428
850536
856494
853236
852149
853216
854009
850770
856496
851417
853623
851333
855023
856492
851944
856640
851946
855809
851352
855398
851943
852774
852543
856444
850631
852405
852021
850358
856507
851024
851130
853848
854851
852171
854197
854087
850695
856161
855833
855939
856053
856101
850358
856507
851024
855319
856763
853904
853334
856069
850523
851580
851753
852946
856349
852121
850665
851616
852361
851475
850376
854211
854291
853312
855481
851487
853800
855056
854768
854887
854914
853707
850405
856715
850944
852537
855716
856673
852974
856148
855683
854549
855834
855978
855782
854694
853131
851321
856533
852741
850304
852099
853422
854667
852045
854024
853167
853167
855885
852744
852638
856123
855053
853803
851347
851426
855390
852070
854159
856917
854533
856263
853699
856443
854669
855788
855475
851006
854876
856765
856694
855135
851987
852978
850825
850733
851479
854786
851413
853944
856130
855663
856699
850391
852794
853770
854073
853079
851807
854167
854950
856316
853878
856132
850506
850909
852455
853512
853552
856316
855656
854675
850429
850450
851830
856316
852638
856571
854423
851696
850818
853714
856508
851960
856508
851960
852638
856316
856316
856316
851512
851089
856316
852316
854921
855329
851212
856040
855575
855626
854230
856490
855706
856136
853708
851641
856887
854650
853973
850786
853552
852455
853698
854765
850539
853908
852749
853552
852455
853512
853860
856502
850983
855464
855747
850403
854965
851533
856727
852408
850399
853595
850746
855911
853729
855136
854504
851204
856767
856514
856409
850580
853037
855871
855220
854765
856867
856734
854808
854495
855288
853699
856443
855710
854149
854871
851190
850888
856418
852115
854504
851204
856418
854504
851204
851210
853113
854499
851464
851902
851462
854256
855631
852567
853884
854256
855631
853884
852556
854255
856513
853758
851000
854357
856725
856734
854808
854495
855288
850947
851704
854681
856143
854789
852728
850599
852136
850450
853186
853783
854327
852018
855090
852193
852814
851190
850888
852638
855616
851212
855596
853509
853509
853112
853859
851204
854504
856418
851148
852806
854307
853164
851275
853612
856613
855548
855790
850543
853922
854221
852946
856349
852121
850665
851616
852361
852881
853140
852762
852611
851979
851204
854504
855092
856519
854211
853826
850623
855952
852740
855319
855933
854539
855016
853362
853889
856210
852219
856691
853488
856303
853836
855787
856727
855911
852563
855988
851985
852458
856050
854527
850584
852028
850424
854168
856514
856409
850580
853037
851882
850585
853416
855016
854235
854844
852660
851219
851212
856490
855626
854230
852037
854369
851467
851733
854897
850369
851574
855807
852015
854324
854802
854080
856049
854175
854506
855862
855448
856742
855412
855012
852390
851537
851299
852389
856625
852533
852922
851058
850820
854363
852411
850719
852222
853590
852024
854430
854151
855020
855018
855720
852537
852814
855256
851452
853965
852062
856141
855906
851879
855470
853899
853347
850601
852622
856777
851748
852136
855026
855860
851321
856519
855920
853900
853271
853865
853339
853359
856726
856222
855263
856887
853242
850555
853233
850464
850463
854634
852264
850465
855803
855802
855350
852992
854037
855423
854541
854818
851932
856349
852946
853912
856736
853338
851148
853338
855363
853452
853870
850686
854386
852093
856020
851678
852187
854198
851856
855114
856135
856737
856702
855892
853688
853131
853371
856781
854766
854350
850979
855710
850568
854144
853868
853590
852024
854430
855927
852663
856750
854255
853574
853574
855890
852338
851590
853974
856279
852478
856444
850631
852293
854686
854685
852331
854447
853039
855660
854916
856722
856669
855841
854352
850990
853401
854978
856612
855130
853733
852316
852169
852471
853373
852028
854527
850584
850890
855317
853352
851725
850824
854965
855656
854675
850429
853667
851771
856279
852478
856444
850631
852293
854686
854685
852331
854447
853039
855660
854268
851981
855669
854692
850676
851256
854694
850522
856370
853327
851195
851833
854765
850539
855324
853222
852618
854260
852066
855252
851207
856913
851667
855196
855561
853668
850511
854053
852101
850453
851846
856738
850574
852861
853332
854446
852992
850785
852119
853744
856418
854370
854504
851204
851338
855535
851641
856887
856777
856144
852168
854138
851887
851686
852329
852329
854152
851207
856913
851667
852638
852704
855226
853578
853587
855609
850967
852591
855869
851360
852685
853352
851076
851274
853350
852316
854974
853153
856563
855687
854497
851979
854487
850639
852376
851631
852663
856750
851615
856125
854222
852616
856007
853170
852205
853464
851939
852255
854867
851740
853646
851471
856837
854821
852412
850947
851704
856384
851785
853762
850326
850709
854181
851226
852675
851544
850865
851766
855489
851226
854181
852675
854181
851226
852675
851544
854821
855536
850748
856264
856719
854972
854897
851898
856454
852750
856522
850324
856094
856776
854745
853340
855276
851388
854715
855337
855061
851252
851251
852652
852223
853825
853825
855177
854302
851997
853056
854302
851358
855830
855230
855827
853590
852024
854430
855927
851226
854181
852675
851544
851719
854381
855826
855232
856702
853959
854243
851752
853300
856316
856749
852664
852032
246497
853138
850577
856004
853490
855076
854444
855478
856648
852216
853783
851654
856499
852713
854046
854555
853452
856228
854647
855450
853242
855478
851019
851209
854504
851204
856418
853789
855998
852467
855498
850820
850577
856004
853138
853856
852991
853937
855114
856737
856135
854463
853887
856889
856848
855705
853925
853713
855762
851733
854897
855762
855762
852611
852715
855090
856474
853252
854497
851309
850868
853429
851980
855320
853798
852665
853376
856693
856693
853600
856364
853116
856659
854331
856722
853093
853702
851718
855662
851286
851504
852421
852938
855662
851718
854898
852077
855561
854013
852838
850694
855388
856535
855566
852800
856806
851882
851142
852453
856123
854867
854867
854539
854539
851740
855016
851740
854235
854814
852789
851311
855522
852276
852332
854537
850999
856543
851950
851722
855949
853153
856563
855865
854577
856334
856630
851187
856629
855889
852817
855450
854647
854356
850399
854297
851329
853558
854397
852365
852713
856418
854504
851204
856617
855808
852024
856178
855094
853836
852537
854163
854233
855874
856751
856776
855429
852131
852462
854916
850343
853608
851462
851464
852011
856398
853467
855883
854261
853723
856101
854811
851748
856210
856691
851748
852794
852135
856502
856092
854352
850990
854352
850990
853547
855014
855754
853589
851392
850903
851731
850621
855263
856887
853242
851435
850555
855535
856032
852497
850623
853908
850445
852766
855593
856523
853844
852533
856537
856860
855568
855897
855284
854494
851786
855446
855971
854369
855869
852591
851549
853553
854758
855446
850436
855765
856574
855186
854693
852579
855674
853271
853900
852018
854327
856699
850391
853729
855136
854187
850585
851501
