42169
43312
32659
2768940
47877
32938
31185
31185
31955
41453
41452
31955
31955
31955
42515
38175
326133
42557
326140
41635
318622
31995
37695
43444
41636
34935
42747
44359
42558
53473
43463
42556
41634
39308
3355093
31994
42189
36782
33373
33373
36782
38197
37018
37481
37480
42650
42651
43769
39569
39970
37407
42703
39520
39864
42491
3772082
37978
43867
32817
3772082
37978
43867
35761
38784
34111
38781
38783
38782
39005
3771728
38436
42882
32353
32663
36024
31912
33224
31410
43562
42806
42004
117369
41536
41629
43591
43593
44006
43592
44149
41326
41269
42689
44149
41326
42689
41269
37028
37445
35213
33898
31641
37446
37217
38154
40348
42901
37358
40348
42901
35526
37368
31521
48632
41885
40444
36879
40966
326128
37319
41092
36627
39976
35687
35687
35687
33521
41311
35687
37551
39479
41476
44750
39228
37379
31271
33171
43895
39836
318910
37293
39977
33104
33803
318066
43186
43391
42975
33102
37724
42382
34322
33540
42976
34783
33541
33354
326154
33170
39307
33103
39971
33636
39070
38530
37809
36203
32007
32008
32007
32008
32007
32008
37983
33973
34172
31250
36357
34680
39922
31253
37636
319014
5740467
35890
35783
42735
34803
32686
43616
41448
42950
41449
39434
32986
40254
39662
40510
39990
40510
39990
40254
39662
32986
32986
40254
39662
40510
39990
31587
35426
3771951
32176
44620
32399
36481
42421
3771915
326121
326186
38362
36172
37227
39336
41883
31771
37063
34963
39505
39883
39883
37646
39747
34634
35154
39747
34634
32292
32292
43244
34256
35407
34256
43244
35407
43244
34256
45398
35407
43244
34256
40097
35407
34256
43244
35407
36045
40093
33900
326193
40402
38374
43443
33671
31789
41191
32479
38374
42146
37754
34134
35240
34409
31623
43031
31623
34409
3355064
3355064
32816
40675
32986
40254
39662
40510
39990
45922
37808
42431
43083
40956
36340
40957
33858
36244
41935
32352
38532
40863
40863
31842
32987
42835
42525
41150
31647
42642
4379834
33211
32987
42525
42642
3355164
31381
44819
33211
31842
31647
41150
43943
36975
5740853
32473
45906
33617
33940
31835
45574
38175
326133
42557
326140
41635
318622
31995
37695
43444
41636
34935
42747
44359
42558
53473
43463
42556
41634
39308
3355093
31994
34707
36584
34984
41646
41161
41150
42642
33500
59176
41304
42322
40994
48224
48224
37830
31612
36237
36236
37738
37737
37736
37739
34330
39261
37737
37739
36237
36236
37736
34330
37738
39424
39304
3355076
35586
40946
38462
38463
41452
41454
41453
31955
32508
39175
318920
44887
41033
44887
41033
40506
43823
40506
43823
36699
42615
40993
42579
42580
40492
39530
40145
46717
37890
35154
39659
37247
39745
42580
38931
37236
31841
3771738
37285
39233
39233
32969
41566
37368
35526
32623
41885
32969
38898
42173
36956
37368
35526
32514
40444
34793
32769
36879
41566
33864
33444
41917
32696
35311
34954
43466
318031
38645
36259
32015
32016
40141
35331
35331
3355138
2768965
2768965
31351
41208
31351
41208
31351
41208
31351
41208
31351
41208
31351
41208
31351
41208
31351
41208
31351
41208
31351
41208
31351
41208
31351
41208
31351
41208
31351
41208
31351
41208
31351
41208
31351
41208
37190
33521
40812
33521
36488
32609
41469
32610
34546
41469
2768929
32610
2768929
41469
36488
32609
43787
34736
37288
2768929
36488
41469
32609
40495
49297
49962
5740846
37568
39383
43657
35785
38913
35396
41074
39454
41112
32855
41074
35396
38913
38344
53508
53583
53513
42538
37420
40044
33283
41868
31666
37141
32001
42132
36821
34607
5740313
50133
38193
41925
41839
42020
35399
48971
40495
5740846
49962
37568
35057
48971
5740846
49962
37568
40495
42734
40495
5740846
49962
37568
48971
44046
326144
192467
42291
36845
43693
37617
43829
39761
31950
39143
39489
43507
46069
34054
59164
32263
34773
33695
41590
47253
41845
32608
33332
33850
43518
326216
43786
41975
35580
32142
32142
32315
36604
33103
39971
34322
31271
42976
43387
35911
37437
36391
37437
36574
36574
37437
37437
32695
36161
39232
34160
32694
39231
39232
32695
38264
39106
326194
36391
39230
36161
42988
39231
34160
32694
39106
32695
38264
326194
36391
39230
36161
39232
42988
40248
40316
32880
36293
326177
32789
36603
326152
31420
33692
2769006
41749
39385
32986
40254
39662
40510
39990
32986
40254
39662
40510
39990
32397
39625
43707
34624
45268
42095
42096
326175
34493
34182
34494
36602
33330
42094
30984
326263
326174
32543
40949
246589
32271
317938
32363
36941
32046
326222
31952
36940
39788
318859
43912
37559
37577
37576
37484
37567
36966
37561
42596
37562
32297
32297
32211
36728
32191
36283
41690
34360
31722
42823
246604
37207
43856
40836
41313
42387
40836
41313
42387
31722
42823
246604
37207
43856
42850
43781
5740235
32522
31473
3355133
42484
39864
5740235
43758
35267
33048
32898
32790
31473
40094
39090
43590
33943
35042
39536
35584
317999
37179
319019
31961
33622
39530
40145
36748
42077
39753
31776
37315
42186
36059
42186
36059
50259
39904
41433
32381
39561
31075
3346238
35340
39004
33611
35340
31075
3346238
39561
39004
33611
39258
33601
46194
5740131
36952
39864
39258
5740131
34591
39147
34005
38614
33819
38259
44531
40659
34686
37428
35163
42362
35366
47905
326161
34148
43450
43451
34140
42928
38652
32532
318098
38182
40725
42936
47998
39610
43330
32531
326206
39737
41571
38905
41891
41940
41159
41493
8674097
37058
326197
31487
39981
35155
41490
35522
33758
43490
37685
37467
38987
31422
39066
31600
32754
32569
39158
40952
32069
41139
39066
38600
38414
35588
33534
2768961
36974
37586
40385
33798
31441
44831
36419
41724
36418
246578
3772423
5740489
41524
31149
43351
40133
41498
37795
3354971
32301
39551
32499
40690
31781
31782
31046
40691
318794
40689
32880
38598
32789
38534
39052
42467
35378
41279
47895
41279
47895
40846
246533
8674001
36107
31680
38355
36109
40787
42074
42249
34703
36109
43332
43391
37293
33103
39971
41030
32966
34229
43762
40953
42812
38032
36329
44913
38092
43117
33603
319047
35751
31050
246577
43118
37613
44643
32620
32180
41166
32986
40254
39662
40510
39990
46456
44317
39997
31074
40695
41070
37387
33346
45233
32640
45268
34494
36602
42096
34182
34493
30984
326263
42095
33330
326174
326175
42094
44540
32979
45816
44007
43658
40048
34198
40048
34198
31805
37873
31384
40165
37858
43651
38758
41274
42728
42729
42731
42732
42730
42360
326163
318050
38083
33081
40707
34950
45338
37981
32158
31550
32619
42590
40429
49816
42215
42880
41339
326158
37748
46035
41147
41940
5740122
33270
32646
33114
42438
35801
43990
32646
33114
35801
32646
35801
42438
33114
34067
34553
42753
34968
37808
45922
34116
36285
32920
38050
37134
43892
36462
35306
38806
35315
318886
31618
34790
36881
33881
33408
44115
38798
33217
3355126
318949
37278
37405
43587
326253
38232
35801
32646
33114
42438
31052
35742
39474
35420
34896
38516
43482
42504
37126
33180
39502
40232
40384
37893
32981
41136
36040
34680
38421
45460
32615
41086
36520
35095
31598
34185
38989
35686
34122
34123
34124
45922
37808
34968
39502
42453
34411
36727
36854
43950
38062
40692
3355111
117361
33524
36495
43508
35500
40282
35452
35000
43426
43506
44250
34567
37618
39340
42971
37618
39340
42971
37618
39340
42971
37618
39340
38428
34924
37618
42971
39340
32958
42971
37618
39340
42971
37618
39340
34924
39476
41712
32216
42801
33505
40170
40111
38370
37392
37390
49815
41687
31935
246535
36868
38223
31926
31630
37104
34981
34978
34979
3355116
41159
34993
41673
31072
31497
40442
45884
40442
45884
45884
40442
40860
31961
41599
43741
32872
31869
40433
36655
36123
34183
33389
40993
246420
38135
38611
39332
43820
36810
3771934
53561
2768976
43310
31579
41468
31579
41468
31579
41468
34250
41034
44039
32631
42289
32207
41995
40221
35733
31208
32537
36494
36793
7354409
39415
35287
36440
43491
35565
42955
5740802
7354420
38647
37841
32861
33562
34442
35953
34571
38199
45757
32168
32581
45757
42272
32820
31000
45250
33908
43717
35568
43697
40323
40988
39862
35383
32272
261607
33777
246650
246652
32239
35596
31620
38407
35513
40271
34890
41342
326167
34394
33776
319025
37809
39070
38530
246451
37728
40066
32989
41851
39044
39222
32439
8674001
192469
49762
50107
192470
192471
33918
33919
35491
35279
35491
35279
41432
50246
34998
7354380
35837
34036
36666
33439
36318
33749
41520
36316
35587
33438
36667
41706
36661
35543
43304
36664
37941
32138
33127
36665
37594
49847
32859
35608
35634
33056
33748
36663
42682
45556
36662
36412
34817
36317
35635
40005
36752
32093
41019
32172
35115
41488
41486
41563
41487
41759
38311
32170
35946
33756
41019
45524
41486
35948
41487
32172
33755
41759
33754
32093
41563
41488
45556
43663
36496
326259
34063
40779
40780
34683
40778
246426
33317
42644
42643
33470
33987
34390
43311
43104
33194
41359
32353
34483
38436
42882
33583
40549
31577
31410
31912
33224
35016
35026
48448
48448
32132
37300
2768898
37909
117463
5740827
2768873
2768897
2768896
2768902
7354447
2768906
2768901
2768899
2768904
2768900
2768905
2768872
32132
37300
2768898
37909
117463
5740827
2768897
2768902
7354447
2768901
2768904
2768905
2768872
2768873
2768896
2768906
2768899
2768900
34548
35122
39306
42000
33738
38363
38668
38667
33899
39819
39820
31264
318572
32932
44637
319045
34423
36551
32222
32222
41524
31149
43351
40133
41498
37795
3354971
32301
39551
31879
3885640
40385
37586
36854
42453
34411
49816
41801
41159
43668
31601
40989
43668
31601
40989
37016
38149
37676
35920
35234
326245
34896
35780
35420
39474
36372
41273
36373
40369
33514
36789
37178
53435
38206
35099
41351
43630
40459
40450
40449
42397
44724
33460
39331
42931
32909
33258
40529
32073
38612
43457
35178
42093
37272
37549
40963
38579
43690
34713
35077
36670
33110
40266
39188
34889
39144
41616
3771779
35688
31562
35067
35670
39771
192472
34996
34995
34996
34995
34377
35486
38629
35096
31691
261329
37328
44548
35475
37591
42957
33271
36820
38069
35571
39331
37926
43374
39121
41993
35571
37591
33271
36820
38069
35571
39331
37926
42957
38069
32595
39573
36984
43090
32595
39573
36984
43090
35571
37143
33081
42590
34395
40962
44849
41944
41945
37427
36075
36964
39288
5740467
318737
2768931
39137
34639
31276
318137
37057
50424
31368
318139
40574
32548
34755
33365
318986
44297
33810
33923
32688
3355066
42972
42894
40165
3355013
3355013
37858
34974
45826
34884
326208
40739
38756
31707
40959
39218
32464
31595
32742
31707
40739
38756
3354919
39871
40739
34884
44087
38756
32725
31707
39218
37296
32464
35917
38900
39669
33118
37295
34396
46059
38100
40302
31096
39685
40231
36426
35766
35767
37790
40711
39722
40711
40222
35986
32616
39226
42246
35651
32848
36811
45826
34884
33232
40997
38747
36612
31065
34732
32139
31181
33012
43435
33761
38755
33223
33906
32914
5740788
42941
44889
32679
42005
32954
32243
42005
33369
34136
38457
35719
35718
35720
318566
3355114
39314
42049
42756
42832
42756
42832
42756
42832
34364
40457
31205
34357
32933
32373
42808
40836
41313
42387
40836
41313
42387
38917
33474
31449
41640
42423
40039
35763
40038
43483
39322
36566
36567
38571
38572
33833
41101
33645
43164
38599
40036
36121
35119
43429
8674019
32986
40254
39662
40510
39990
40953
36797
36669
31184
31184
31184
39988
32906
32166
37560
3355127
3355127
33119
318579
43577
31934
37791
41518
32322
41518
33445
45928
43978
38300
39079
31749
31592
43740
34286
37176
40793
38661
48309
3772329
37560
32166
31622
261615
326143
41802
39317
41352
42663
326256
40686
31608
32135
35240
31010
43278
34892
38228
42553
39746
34792
42758
40672
40468
53558
40472
35966
47186
40996
49424
36208
32490
44087
8674097
32977
318785
36701
32607
40795
38034
34142
41371
37830
31612
35507
35288
43792
42203
35507
43743
42245
318649
42257
318891
34117
41368
37294
38255
33395
31674
43744
43136
326229
43750
40957
42283
36020
33190
32377
35179
35264
2768882
36269
34529
2768882
36269
33319
31405
36303
38580
35073
42485
43295
3355175
41171
5740653
43379
3355181
5740221
38586
32785
35061
42003
42434
41850
38779
38637
35880
3355136
36102
43691
42994
38100
33016
40302
31096
35733
34296
34041
35754
34297
34042
31503
31506
38754
31504
42762
38828
38830
38829
36410
326211
38842
32693
38825
38826
39385
36190
35857
35858
35860
36877
3354992
5740392
36319
32839
5740847
32672
32164
45976
32877
42130
39103
38812
40965
40438
32153
38904
34716
39957
37961
34542
41688
35378
36271
43736
36271
43736
45249
34363
44791
44791
3355040
32508
3355040
32508
35422
35422
43358
34004
42670
2768998
31638
35865
44438
35681
37444
31363
43549
31256
37706
31156
36722
40431
37780
40563
32288
42958
36981
37005
31243
42422
33982
33710
37727
36000
33180
42750
36037
35417
32585
5740664
2768962
39770
39245
39860
42659
41210
41214
37158
318605
42658
42708
246388
40943
40567
41213
41211
42655
37159
326148
42657
317841
41212
39245
318605
42708
40943
40567
41211
37158
41213
37159
42657
42659
41210
39860
42658
246388
41214
42655
326148
317841
41212
42708
40943
40567
39245
37158
41211
326148
318605
317841
42659
42658
246388
41210
41214
41213
42655
37159
42657
41212
39860
4379919
37237
42749
36123
41399
33649
33775
38287
40933
42046
42045
34479
40505
42992
44008
45875
43191
117364
31382
37507
318941
32435
32140
44679
42872
42872
44679
39998
37961
41569
33351
33351
40630
31701
42632
38846
38846
38846
42632
38846
42632
42632
38846
36759
40872
35708
35707
35706
31576
35704
246651
42204
37301
34090
42211
36238
34976
34750
32124
39775
37775
39347
326259
36496
34063
37036
32786
38666
31338
35273
34427
40240
31887
39399
36757
34503
33191
33516
35724
34658
117365
37482
40239
39918
34090
31576
35704
42462
32325
32300
38841
32444
40005
35822
34291
38311
44632
36752
31193
31192
31188
34036
30986
35821
38840
45706
43663
32170
35835
41520
36661
35543
37941
40239
32902
40450
40449
40459
32140
318941
32435
38698
38500
41177
318890
41177
318890
318890
41177
32140
318941
32435
38698
38698
31382
37507
318941
32435
33351
33351
33351
33351
33351
42723
34967
33520
34967
33520
41864
34508
2768665
32991
39657
31001
31001
32991
31362
31518
43378
43928
37859
31083
318161
32344
5740411
318160
31837
5740386
38640
31198
36577
45883
38104
35578
32915
32926
36263
36764
32923
33600
32924
36630
32925
35499
33111
318243
36252
43515
36031
42302
36540
36270
39651
39775
35119
43163
38959
35265
32938
37033
43271
43277
44263
40392
38629
33266
39910
31289
31046
40690
32240
34759
41311
40987
33835
34888
38518
3355127
38412
34096
32426
33766
31668
42867
42354
42352
42355
38658
38659
36356
37901
37357
41477
42351
37358
42353
37657
44227
37887
36356
37662
41581
40894
46032
42587
37925
38401
33107
40708
35347
318878
35348
42079
32263
42426
37168
36887
38594
35494
43134
326221
34258
32767
35494
43134
326221
34258
32767
39447
43034
39252
41265
33608
33607
33010
43900
33658
2768980
33701
31111
318824
32384
2768990
318097
39529
32721
49892
40569
41403
37449
41860
37144
45360
246437
41860
37144
45360
246437
37214
45360
47762
39252
33607
37631
33608
43010
43843
43011
38471
33010
31678
39252
33607
37631
33608
43010
43843
43011
38471
33010
31678
2768980
33701
31111
318824
32384
2768990
318097
39529
318737
33701
32384
2768980
31111
318824
39529
318097
2768990
318737
33701
32384
2768980
31111
318824
39529
318097
2768990
35941
39138
37814
35561
34089
50454
42581
43518
2768968
31422
42505
42589
39490
38395
40217
39974
41026
39024
36174
35189
39973
43699
33682
31212
41989
32212
326159
32212
326159
32582
32335
44183
35140
43325
40385
43916
36209
37737
37738
37739
36237
36236
3771915
326121
35029
41559
31845
37228
39348
33477
33477
5740310
31170
40552
40080
42434
42003
42434
42003
42434
42003
37699
33207
33921
40966
34311
338395
31605
39281
31606
318995
3354888
49228
47208
326135
37382
43608
31410
42162
33583
33224
33602
37654
38436
39228
42210
39089
33581
33692
31912
31581
42745
35728
32545
36904
35728
32545
36904
32545
35728
36904
35892
32974
40445
35886
40188
31517
40102
39588
38076
38911
40406
32345
38697
34586
261603
39031
36055
36994
42036
43030
31612
41287
326130
2769005
36249
36742
33547
40728
36248
33542
39458
31653
33545
41075
40866
40727
2768939
37770
33548
40867
2768938
39031
37319
33420
33421
35015
33356
39464
40201
35931
33935
40254
40510
39990
32986
39662
37397
34395
44849
40962
41944
34395
41945
42283
40957
42861
32544
31744
40148
37801
38761
34070
39502
41138
32245
31000
33498
250811
53443
41892
31086
3772180
37415
3355040
43709
40653
36057
39431
38747
44811
36241
40131
32112
3355114
39314
42049
39417
40349
41253
34474
35586
38462
39304
38463
39424
40946
3355076
39305
33495
33597
40073
41489
37399
40072
37435
34264
37246
40179
3355114
39314
42049
8674000
36337
42665
36337
34785
42665
39759
36381
41428
42845
41136
37075
317826
40557
35690
43373
3354921
39093
31902
33458
31902
39093
33458
41448
38816
40386
33854
36958
32852
39732
36579
43999
33284
2768852
43904
39588
40102
38689
42890
38664
37275
41962
41967
42338
42893
41791
38662
42337
41963
42336
41789
40441
41790
36417
42606
42339
40437
42891
35334
36458
42334
40590
42335
37646
42875
36933
318918
33837
35744
39156
35849
37467
37685
43490
37419
37419
326264
41944
41945
44849
40962
34395
32087
33172
40299
36233
40299
36233
40487
43913
38221
36282
38364
40053
37483
40053
37483
34745
37483
40053
37483
40053
32410
34745
40053
37483
39878
31858
36203
49953
35056
42220
42783
31524
31524
43134
326221
35494
34258
32767
41029
39943
39943
43504
32986
40254
39662
40510
39990
32397
39625
43707
34624
40708
318878
35347
35348
248102
318095
36104
38765
39861
37805
36384
36104
3355118
246420
36385
3355131
37805
38765
37121
33824
37672
42624
33824
37672
42624
47611
35689
34776
38446
40139
43043
42388
37118
37470
7354410
42979
40944
31772
44057
43168
38410
117366
37020
35685
31163
39504
40857
50442
36724
34711
38413
37194
38413
37194
38413
37194
36774
36494
39304
35586
38462
39424
39305
38463
40946
3355076
40177
32133
42852
50022
41840
44921
48583
48582
44920
41609
39542
48581
38944
36508
36244
33705
41935
32378
35875
41714
37602
39311
53581
318053
32775
40475
31760
44072
39666
40701
44072
39666
40701
35928
38406
36467
40858
48337
37111
37109
37960
59240
48341
41512
48336
37113
246581
41503
37128
48335
37106
37107
37112
32299
33047
41502
35995
37108
37105
48340
37110
48339
37111
37113
37106
38974
38972
38973
37109
37960
246581
37128
37107
35928
37112
37108
37105
37110
36467
41133
41132
48340
38975
34970
41071
35793
32686
37189
35890
45830
40528
3771960
3772670
44098
44098
33425
38220
32088
40704
36554
38945
42498
41628
38987
40361
41834
41252
41960
41390
41960
41390
41834
40361
36554
32088
40704
36554
38945
41628
3355139
33184
34431
318059
36698
33046
41823
41823
44849
40962
41944
34395
41945
3771736
3772715
3771911
3771734
3772056
3771991
3771803
318854
3771816
3772225
3772409
3771838
3771879
3772702
3771818
3772004
3772665
3772581
3771981
3772077
3771912
3771910
3772075
41780
3772139
3772632
3771774
3772148
3772282
3772278
318855
3772351
3772360
3772448
3772345
3772346
3771783
3772565
3772505
3772556
3771785
3772541
3772447
3772618
3772139
3772632
3771774
3772148
3772282
3772278
318855
3772351
3772360
3772448
3772345
3772346
3771783
3772565
3772505
3772556
3771785
3772541
3772447
3772618
43229
3772575
3771809
3772248
3772083
3772502
3771891
3772264
3771957
3772013
3772276
3772104
3772058
3772496
3772299
3772166
3772099
3772094
3772271
3772336
326273
3772081
3772265
3772203
3772575
3771809
3772248
3772083
3772502
3771891
3772264
3771957
3772013
3772276
3772104
3772058
3772496
3772299
3772166
3772099
3772094
3772271
3772336
326273
3772081
3772265
3772203
33736
3772619
31848
3772173
3772421
3772191
3771959
3772370
3772163
3771792
3772517
3772189
3772374
3772231
3772518
3771729
3771723
3771771
3772032
318847
3772198
3772607
3772149
3772552
3772489
33736
31848
3772619
3772173
3772421
3772191
3771959
3772370
3772163
3771792
3772517
3772189
3772374
3772231
3772518
3771729
3771723
3771771
3772032
318847
3772198
3772607
3772149
3772552
3772489
3771854
3772708
3772317
3772314
3771908
318846
3772254
41773
3771935
3771947
3772172
3771941
3772113
3771893
3772325
3772519
3772096
3771938
3772509
3772666
3772211
3772129
3772319
3771854
3772708
3772317
3772314
3771908
318846
3772254
41773
3771935
3771947
3772172
3771941
3772113
3771893
3772325
3772519
3772096
3771938
3772509
3772666
3772211
3772129
3772319
35261
3772329
39091
31622
37560
32166
40716
41836
39426
42595
117365
40733
34658
40403
35426
43843
38766
43010
43011
37631
33608
33607
38471
39252
41709
43383
33010
40374
36922
41437
246452
36550
38427
39613
32461
32278
40436
43862
37815
39333
39402
46140
31817
41908
44701
43757
38113
45398
35761
318991
318992
43180
41869
40254
40510
39990
32986
39662
50457
38184
31680
31680
50457
38184
32381
36728
32211
31111
32174
32247
33701
32384
2768980
318824
39529
318097
2768990
41707
246488
3354941
318135
40566
40450
318136
33183
44154
42803
42803
34897
37407
31384
3885647
40155
40095
43293
37068
41295
33631
41698
41837
34528
317885
41699
41219
33183
41407
33471
38029
42866
34780
44801
2768679
34969
50070
36396
31351
38865
39446
33978
38565
326120
38565
326120
44446
32848
33978
32461
41832
41832
2768980
33701
31111
318824
32384
2768990
318097
39529
33515
41138
53443
43747
43476
42806
43385
39919
33968
43231
48535
43087
41666
41668
43673
32221
35065
40651
49701
32188
33448
41541
38389
43354
34505
39093
36497
42265
31558
33175
31259
38009
37068
39732
41256
43999
42233
33867
37152
33284
43904
36809
41219
37901
31924
3772576
32045
33796
48572
34763
41840
39542
42852
50022
48583
41609
48581
44921
48582
32133
44920
41840
39542
42852
50022
44921
48583
41609
48581
38944
48582
32133
44920
41840
39542
42852
50022
48583
41609
48581
44921
48582
32133
44920
38944
42852
50022
41840
44921
48583
48582
32133
44920
41609
39542
48581
41840
39542
42852
50022
48583
41609
48581
38944
44921
48582
32133
44920
39557
31215
36583
42852
50022
41840
44921
48583
48582
32133
44920
39542
48581
41609
36583
39557
31215
36583
38389
43354
35559
34708
42414
43433
42414
31480
34708
41254
43433
34708
42414
41074
38913
37876
39035
35592
38151
39266
42581
42510
42115
39914
44008
45875
43191
117364
45875
44008
117364
43191
36055
36994
42036
36249
36742
33547
40728
36248
33542
39458
31653
33545
41075
40866
40727
2768939
37770
33548
40867
2768938
36055
36994
42036
36249
36742
33547
40728
36248
33542
39458
31653
33545
41075
40866
40727
2768939
37770
33548
40867
2768938
36055
36994
42036
33542
36249
36742
33547
40728
36248
39458
31653
33545
41075
40866
40727
2768939
37770
33548
40867
2768938
36055
36994
42036
36458
36249
36742
33547
40728
36248
33542
39458
31653
33545
41075
40866
40727
2768939
37770
33548
40867
2768938
36055
36994
42036
36249
36742
33547
40728
36248
33542
39458
31653
33545
41075
40866
40727
2768939
37770
33548
40867
2768938
36055
36994
42036
36249
36742
33547
40728
36248
33542
39458
31653
33545
41075
40866
40727
2768939
37770
33548
40867
2768938
35774
44268
44269
35520
36249
36742
33547
42036
40728
36248
33542
39458
31653
33545
41075
40866
40727
2768939
37770
33548
40867
36994
36055
2768938
36055
36994
42036
35774
44269
36249
36742
33547
40728
36248
33542
39458
31653
33545
41075
40866
40727
2768939
37770
33548
40867
2768938
36055
36994
42036
36249
36742
33547
40728
36248
33542
39458
31653
33545
41075
40866
40727
2768939
37770
33548
40867
2768938
44268
35774
38109
44269
35520
36055
42036
36994
37275
36249
36742
33547
40728
36248
33542
39458
31653
33545
41075
40866
40727
2768939
37770
33548
40867
2768938
36055
36994
42036
35520
36249
36742
33547
40728
36248
33542
39458
31653
33545
41075
40866
40727
2768939
37770
33548
40867
2768938
44008
45875
43191
117364
36055
36994
42036
36249
36742
33547
40728
36248
33542
39458
31653
33545
41075
40866
40727
2768939
37770
33548
40867
2768938
36055
36994
42036
40728
37830
40437
36249
36742
33547
36248
33542
39458
31653
33545
41075
40866
40727
2768939
37770
33548
40867
2768938
36055
36994
42036
31047
318594
36249
36742
33547
40728
36248
33542
39458
31653
33545
41075
40866
40727
2768939
37770
33548
40867
2768938
36055
36994
42036
36249
36742
33547
40728
36248
33542
39458
31653
33545
41075
40866
40727
2768939
37770
33548
40867
2768938
36055
36994
42036
37275
36249
36742
33547
40728
36248
33542
39458
31653
33545
41075
40866
40727
2768939
37770
33548
40867
2768938
39858
33017
47769
318037
35733
42586
43102
36816
32940
317829
37900
36816
44291
44291
44291
42526
50403
44260
32617
39433
43382
41843
44261
3355041
49809
32937
39275
43645
36027
43839
46020
42819
43839
42819
46020
38743
45525
38923
31059
38878
43422
326255
33835
39195
40457
33835
39195
37846
37846
32566
37776
33194
39554
39554
43814
42610
40273
34889
37285
40160
41158
34338
35827
35828
246565
35824
35829
34597
35825
35830
35826
34598
40941
35827
35828
246565
35829
35824
35825
35826
35830
34598
34597
40941
38721
38722
59215
59216
40581
59215
41367
35336
43873
43873
43873
34319
41028
32242
43946
39118
47765
42844
38176
3885628
32078
31663
41412
37337
36976
43009
32505
40346
39740
39741
40347
39742
39739
40346
39741
39740
40347
39742
39739
32279
35671
37165
42929
36911
32629
39404
37517
39404
36911
32629
31157
37517
39404
36911
32629
31157
42314
326129
31157
37517
39404
36911
32629
43576
31731
31146
41446
34504
32855
37465
33236
37922
37922
36468
38490
42400
43149
39158
43149
32754
32569
38715
37227
39988
42693
42543
42358
42772
37961
42926
32513
38396
31186
38750
35268
42239
34886
42340
39362
32645
32148
41059
41059
40960
36390
40170
36390
40170
43751
33718
36248
36994
33547
38109
36055
36249
36994
36248
36249
33547
38109
39458
36742
40727
36131
49505
39569
39567
44275
42703
42433
39970
32593
42656
43414
41784
42656
42656
41784
43414
5740624
41784
42656
41624
34984
40686
41090
33837
39103
37992
31649
41419
41091
32902
32493
41161
40450
40449
40459
44086
37076
50442
36724
36060
36060
42171
36732
41318
37834
36379
39811
32982
43644
43643
39733
34348
34284
44817
33253
34284
39733
43644
43643
34348
33253
44817
39733
43644
43643
34284
34348
33253
44817
41446
36041
40305
33253
44817
40167
34138
43517
39332
248194
39424
3355076
35586
40946
38462
38463
49701
43228
33448
32221
32188
35065
40651
49701
43228
33448
32221
32188
35065
40651
49701
40651
33448
32221
32188
35065
43792
32973
3355134
43828
43792
43828
39732
36579
43999
33284
43904
37465
33236
43165
34220
39396
2768679
3354888
31037
43788
31799
37532
39437
39437
31037
37532
31799
43788
36028
42412
38113
31799
31037
43788
37532
39437
37121
326163
318050
38083
34938
42360
43215
47220
32604
33907
39213
36176
32083
35417
32585
42064
36002
44030
3355135
44233
44039
41995
31441
36051
42562
40292
33798
31170
31696
42959
31084
2768852
41361
37152
37455
42233
33867
3772247
39686
53561
32107
36876
36718
39068
32049
3771934
37674
2768852
41361
42233
33867
41256
38135
38611
2768976
50363
39068
41717
38611
35293
47216
35724
31543
43415
38032
43428
48311
35950
36897
32191
47594
41957
39132
43637
39132
43637
39132
43637
39132
43637
39132
42620
33475
42621
41787
39945
40409
42620
42621
41787
33475
39945
40409
42671
31811
32835
40055
39382
33269
34846
38549
3354888
37062
31160
117419
34930
42819
40950
50392
31042
50392
31042
43402
317934
33665
37521
41198
43352
38546
38555
39938
326192
36448
34910
32089
326219
40640
326168
32089
326219
40640
326168
46068
40056
46068
40056
40056
44117
34822
46068
46068
44117
34822
40056
38045
34928
33805
31729
43785
32403
32402
44131
40040
32615
40684
42399
39161
32613
37900
317829
36816
32940
42429
39415
44149
41326
35656
35305
44900
31215
32133
34432
40259
40565
36791
35146
42557
38175
42556
40138
36795
35966
40472
40468
53558
40672
40471
40469
246501
35215
43781
3355133
41749
32558
38534
42467
35378
36497
38534
42467
35378
40670
31097
35338
32167
39167
39408
37413
42842
326257
3772012
38693
37372
35003
38229
38793
31903
34790
33881
31618
40127
36146
45906
33617
33940
39956
31602
32282
47457
38630
36687
40254
32986
39662
40510
39990
32397
43265
34624
317829
32940
37900
36816
42521
36029
31522
36860
43420
42833
326177
43043
36293
43512
43502
42375
42022
34188
45707
42021
42023
36857
3772183
37986
34175
34064
44149
41326
34064
317852
37224
37221
246414
37223
37222
36343
37225
246412
246416
36342
37226
35954
38656
35522
33758
3354925
32462
32463
38181
31818
39240
35827
35828
246565
35824
35829
34597
35825
35830
35826
34598
40941
35827
35828
35824
246565
35829
35830
34598
34597
35825
35826
40941
37296
35827
35828
246565
35824
35829
34597
35825
35830
35826
34598
40941
246565
35824
35827
35828
34597
35825
35830
35826
35829
34598
40941
35827
35828
35824
246565
35829
34597
35830
34598
35825
35826
40941
35827
35828
246565
35824
35829
34597
35825
35830
35826
34598
40941
246565
35824
35827
35828
34597
35825
35830
35826
35829
34598
40941
37006
5740320
34437
41126
43936
47173
36839
3772692
3772542
42943
34428
34294
38645
41646
34707
33220
38233
39842
192472
36049
42686
41389
43303
41388
32379
36253
34877
35930
33532
35930
33532
36263
35499
38104
35578
36764
32923
33600
45883
32924
36630
32925
32915
32926
31198
36577
38104
35578
31198
36577
36630
45883
36764
32923
33600
32924
32925
32915
32926
36263
35499
36263
35499
45883
36764
32923
33600
38104
32924
36630
32925
32915
32926
35578
31198
36577
31248
318552
34705
35390
34591
37890
31449
33474
35679
49241
40973
31603
41296
39014
32907
39336
42369
35931
31104
33447
39469
39470
42185
42185
39469
39470
39470
39469
42185
34414
39294
318176
48844
38915
40449
318136
30994
32208
30994
32208
31704
31493
33466
34710
37015
42187
246460
246461
37912
38984
36268
37532
37121
42855
3772662
42218
31146
39777
40042
38073
37596
46006
31230
40220
40616
37945
3354977
40577
44728
41288
36002
32120
31607
3346201
32097
36753
41841
41841
38589
41841
33883
41994
40626
37143
32279
35770
31429
38468
38469
42504
38516
43482
42124
40167
37143
37143
48552
48552
37143
37143
43944
39843
317878
40884
37068
50225
45318
318909
40816
36578
45928
2768670
39656
35152
35153
43579
38820
318553
32701
318554
41134
53562
44027
42717
43767
39228
37818
40605
36424
38638
42162
43660
39228
37818
41892
3772180
40673
31558
37070
31703
35021
318954
318955
35022
31872
42095
34182
34494
326263
42096
326175
34493
45268
36602
33330
42094
30984
326174
31872
32256
31474
33411
43323
33603
31471
37613
36705
35796
36264
37702
33209
8674049
3771934
44839
31350
53561
36264
35977
37702
3771934
44839
31350
53561
34897
326245
32986
40254
39662
40510
39990
32397
39625
43707
34624
38613
35300
36393
36136
34196
38728
31147
42719
33859
36393
43436
318624
31957
34714
31154
37701
41700
44326
43436
31957
318624
42634
34372
39293
34372
39293
42634
192528
31949
32295
33689
326157
50344
3355108
37855
41943
33709
44548
31912
38473
41156
41157
318237
42268
41443
34976
34750
32124
39587
37297
36270
42999
37857
41157
41156
318237
42268
41156
40599
36730
34954
43466
42543
42693
41192
38165
34184
41800
35748
39846
42126
318206
38032
40207
41094
42995
38420
41262
39119
37964
34565
318552
31248
34705
43223
44205
42359
32568
43353
36058
43353
2768980
33701
31111
318824
32384
2768990
318097
39529
41960
41834
41390
40361
42595
43244
34256
41342
38407
42986
40958
4379907
43575
40081
32888
39654
34842
39654
43505
41836
31442
32325
32300
32970
44021
34858
42162
31429
33583
31410
33224
33602
38713
35132
35135
42413
31410
33583
42162
33224
33602
38713
35132
35135
39675
37633
37356
3885565
42906
39646
37793
33331
31829
36723
31611
34830
34738
36714
36485
39135
39883
39552
31498
39084
42287
33183
36955
318597
47895
41279
8674019
42697
34154
35263
39276
39276
41675
41134
53562
44027
3772641
40915
3772349
43713
32334
326189
37571
3771966
33902
33902
3771966
33465
36942
42171
40173
48782
38762
53546
39821
33701
2768980
318097
2768990
32384
31111
318824
35519
2768931
5740467
318737
31513
43765
42080
39326
38619
39529
37681
32602
34624
32397
39625
43707
43265
32986
40254
39662
40510
39990
32397
39625
43265
43707
34624
40254
32986
39662
40510
39990
31044
32520
41551
41309
38001
35007
41955
34445
38153
35680
39002
35680
3354980
42889
32028
3355006
38001
35007
39002
35680
42889
3354980
32028
3355006
38001
35007
39002
38153
34445
3355006
34179
2768680
34445
38153
34179
2768680
3355006
4379863
42389
37866
319043
317976
31079
42897
2768945
33967
47998
32728
38420
36409
33279
45827
33232
32386
318107
45827
33232
32386
318107
32328
35125
33652
42848
43362
5740528
32153
36550
38427
39613
36922
41437
42877
37798
31039
43343
3355011
32934
43500
32962
318982
318920
33133
49893
33527
44724
42397
36990
39136
35000
35452
40282
37471
39336
37227
44409
42539
42166
53444
34875
45064
33293
33883
34495
41994
32799
32797
43126
32063
40186
40187
43096
38956
43739
41174
33107
38401
35856
39748
31387
34119
32508
34613
318990
43451
43772
34350
326161
34148
37428
43450
42362
35163
34686
34140
35366
42928
2768879
2768875
318252
42880
326158
41339
326158
32787
40919
33652
42848
37381
41668
43362
5740528
326158
41339
42880
117294
37480
37481
42650
42651
37407
37767
38187
117294
37480
37481
42650
42651
37407
37767
38187
44005
42433
117294
33939
33167
32350
41804
42963
39536
35042
40124
38029
41121
41121
38029
40136
33234
37126
37024
42987
41756
42987
31724
31195
44747
38909
40085
31944
32916
40324
41951
35386
31943
40870
31326
35963
34839
36989
36135
35027
37964
31448
42662
41021
3772560
46201
31810
41670
53443
41294
33967
32293
34370
36701
32587
41413
37948
2768732
36365
40507
33293
43735
42633
31063
33966
32984
35664
40683
34901
39003
34416
35501
5740252
35501
31043
34358
33072
35851
35546
32677
43091
39550
33626
37411
38411
43017
36953
35536
34419
33938
32487
39952
32492
7354426
40860
34196
38728
31147
42719
34434
36830
40433
42246
42342
42816
34131
41397
32630
53444
39665
43764
37781
31448
37914
41666
32556
31716
33078
35101
37769
47998
35365
36022
35648
38027
40850
35365
42816
34472
36830
42342
34131
32547
46091
42816
36830
42342
34131
32547
46091
34527
46091
42342
33828
42816
36830
42342
34131
33002
34527
42680
36309
318044
33404
318883
41321
2768690
318856
37547
33896
42060
32630
36830
46091
41397
43930
43041
35784
36360
42342
33232
32851
34481
37078
42342
42816
36830
34131
38196
36015
36080
36567
36566
36568
39322
41640
43483
40919
40145
31020
34230
31020
34230
39899
317974
43689
3772196
41360
34021
32441
31406
31407
41149
43437
3355069
34021
31806
31914
246484
36555
33098
31976
37569
38192
36454
41703
35686
38989
37970
35686
34794
40404
40404
42811
31990
43311
34390
34619
42985
37825
42412
42985
37825
38928
42985
37825
36028
42412
37825
38113
37228
39348
42412
36028
37825
38113
34159
2768916
2768944
34137
34137
39882
31849
37029
3772288
39671
38603
39222
39044
45467
42106
42284
34467
37070
37914
38605
32245
41892
3772180
31086
35532
36072
2768886
318231
44160
43984
2768883
34756
31725
39318
37374
38210
38020
40593
33384
35790
43330
39610
32531
34542
35378
35893
38369
39138
33742
46234
31795
42983
32152
42602
49636
42058
41926
41883
246580
40436
43862
44258
32009
41020
32257
31872
32256
8674046
32348
36658
37411
41013
3354930
3354930
8674092
3354930
3354930
3354930
34593
37290
35257
36281
117353
38180
34716
326109
261623
37285
36157
37285
37285
31309
37741
32233
34594
35107
41760
39651
36270
39775
46017
35970
35970
31683
35222
53579
39945
33103
39971
42976
34322
31271
34322
33103
39971
33354
326154
33170
31271
37724
39836
34322
31271
33103
39971
33540
33171
33354
326154
33170
37724
39836
31271
33103
39971
34322
37724
39836
31271
34322
33103
39971
33540
33171
33636
37724
39836
33170
34322
33103
39971
33354
326154
31271
42976
36286
40925
318753
31765
39445
3355106
36111
43616
36173
39485
33034
38541
42854
317987
31118
31144
40290
34110
35570
33859
37070
41892
3772180
34287
43101
36758
42751
2768725
36462
37134
32920
43892
38050
40294
38182
38652
32532
318098
40725
33256
34630
38941
39652
31141
45460
38994
36043
36939
36757
34503
33516
41522
39057
36939
43268
43112
39886
36465
43111
37565
43110
43113
43114
36043
3772165
46121
41365
37472
38615
36939
36043
36757
34503
42647
37472
40176
33857
40698
47781
43320
32017
32392
39336
37227
41997
33461
33459
44010
44010
35923
36649
42254
33704
47757
40617
47757
33704
49168
46038
35779
35402
41967
37275
42891
42890
36417
31612
37830
38689
38664
41962
42893
38662
41963
42336
40441
41790
40437
35334
42335
42338
41791
42337
41789
42606
42339
36458
42334
40590
43030
326130
42019
31047
32127
41287
2769006
318594
32853
34752
42140
33241
39255
40073
41489
33597
40072
37399
40049
3772159
34509
3772456
40049
3772159
34509
3772456
43833
38451
39406
38988
36740
43812
33240
5740879
47285
33208
43664
37973
31470
35662
3354930
8674092
40049
3772159
34509
3772456
36727
38433
42453
34411
34614
34762
35322
42305
33386
43499
31105
44263
37395
37033
43271
43277
44263
37297
39587
39588
40102
39588
40102
33567
34685
35730
39082
45374
34505
36497
42265
36084
32506
38017
32097
38017
32097
38017
32601
31376
33204
43084
41305
39098
39364
39694
32230
34176
40495
37121
49962
37568
48971
40495
42626
46246
43447
46246
43447
42626
42626
46246
43447
35511
3354996
39436
31024
39297
31024
39297
31024
31024
40637
40637
31024
39297
31024
40637
36705
42348
35527
33033
39986
326220
38358
39985
37541
32146
32147
32573
31257
34155
38315
37756
36955
43440
38523
37767
37480
42650
37481
42651
38187
42174
38843
40438
38812
40965
33859
35239
31475
38889
39366
39915
36506
36507
31582
49260
42922
48531
44289
3355173
37493
48532
44148
5740113
49780
45959
39337
45031
45959
39337
45031
40224
44148
48532
39337
45031
45959
8674098
32624
43670
32624
43670
8674098
32625
38071
38400
43481
35126
35492
31683
31404
38071
38400
38071
38400
43481
35126
35492
43185
31673
43511
38177
38071
38400
43185
35492
43481
35126
45031
39337
31979
41675
39841
31544
39841
31544
39841
31544
31544
39841
31544
39841
3772179
3772427
261628
42260
42482
40372
35218
43671
41135
37538
35981
32496
38632
38633
37539
37540
41236
42295
39121
43374
39032
37884
326184
43612
43613
42939
44289
42922
49260
3355173
37493
48532
44148
5740113
49780
37058
40958
43575
40081
42986
32888
49779
40224
31194
44289
42922
49260
3355173
48532
37493
44148
5740113
49780
44289
42922
49260
3355173
37493
48532
44148
5740113
49780
36035
44915
38942
35154
37247
2768980
33701
31111
318824
32384
2768990
318097
39529
40443
40443
33834
39456
42593
40698
38516
37123
48071
42285
42048
31054
3346235
31448
37914
36561
35192
35654
32373
39655
32373
36561
35192
35654
40172
35112
40530
33513
40785
43399
43399
31840
32168
37123
32581
43734
37126
34955
35654
36561
35192
32373
39955
43482
47900
32581
326115
35192
32933
36561
32373
35654
40064
32464
39218
32725
34331
40512
31262
40678
192506
36304
42447
42233
33867
31567
39351
42828
42805
53565
35701
32047
41190
33105
43635
40399
42984
35511
36417
33493
36101
36098
246663
53577
39658
42109
53578
33408
3885620
40806
33413
317973
318662
40806
33413
33408
3885620
318150
318662
317973
33408
40806
33413
3885620
318150
317973
318662
45780
246582
41531
37378
43679
32584
32584
37910
42457
36951
34359
34726
36018
46058
39628
31511
40621
37683
45269
37690
318924
31511
41079
37378
40639
31511
39855
34999
33449
33451
33486
33768
43095
53573
39159
35795
42849
42849
38136
2768976
35197
37190
5740640
31967
33641
37824
39732
37824
41672
40669
39748
35856
39748
35856
33200
53448
50224
40709
40814
41598
36445
33347
33882
31907
37461
38059
45278
33555
32535
40702
32115
35259
31425
31907
36790
45278
43469
33555
40702
32535
31341
31340
41175
42848
43362
5740528
38173
33989
33652
40673
32602
37681
41094
33112
41094
41094
38753
40935
33986
33986
33847
32228
32228
42973
42973
42051
42466
42440
37531
42440
37531
42440
4379908
35537
37873
34440
34438
33117
40434
32625
39556
326250
42577
32986
40254
39662
40510
39990
34440
34438
38969
32963
4379907
39517
36144
326115
32992
43772
32992
43772
36150
38988
36740
43833
38451
43812
5740879
33240
47285
40999
36020
43750
37330
36020
43750
32640
41022
31858
42493
42493
42493
41800
39846
246560
5740185
43369
32586
45401
39950
37830
31612
39885
38773
37830
31612
37830
31612
44548
33521
32982
39811
31357
36654
33440
31373
43785
42855
35979
40772
40938
45894
38873
36431
37335
36697
3772069
3772329
36697
41779
39202
37564
35288
44672
42203
43828
32120
39732
3355134
32097
37414
43577
35937
33507
37860
43080
41746
318579
35937
36244
41935
37602
39311
42013
45894
40938
38715
37246
34264
38494
41140
38244
37132
14462605
31344
5740446
41140
38494
38244
37132
14462605
31344
5740446
31557
39413
42343
36288
44543
31007
34650
44750
31014
53445
36246
38669
33850
36824
43518
2768968
44002
32599
36099
41359
44573
44672
43792
3355134
44573
44672
43792
35219
47384
32338
31175
31571
40111
40170
42863
42851
41570
3771872
33507
42851
41570
3771872
33909
39161
32543
40949
32770
32770
43042
31708
40677
38079
40965
40438
31136
43333
39559
43333
31136
38740
34720
35364
40972
39375
34423
38492
34550
32763
40607
31489
43617
41266
40794
35184
35147
35267
33048
5740235
39889
35184
35147
5740235
32522
31473
34361
32846
39889
31473
5740235
35267
33048
43758
32790
36538
117503
37818
40622
37037
39458
36994
36055
40728
2768938
36249
36742
33547
42036
36248
33542
31653
33545
41075
40866
40727
2768939
37770
33548
40867
41532
39244
44496
117332
41136
41136
42845
32981
43319
36775
36775
41136
34440
34438
39834
40456
33335
40936
31248
318552
34705
44014
41968
44736
33529
36619
37914
41666
39686
45969
33350
39309
33693
43046
34392
34392
36280
36280
38824
31638
2768998
2768998
31638
2768998
31638
43864
37235
37235
45329
45329
34329
45329
45329
34329
38983
38983
3354918
3354918
40687
40687
31613
31613
38794
38794
38794
38794
37995
37995
37995
37995
39338
41811
39338
41811
39338
41811
39338
41811
34183
36985
36985
36985
36985
35453
35453
31022
37684
31022
37684
37628
37628
37628
37628
34754
34754
38208
40060
40060
43103
43103
33654
37430
44251
39253
44251
39253
44251
39253
44251
39253
44059
35988
35988
43573
40654
40654
41120
43169
41120
43169
31483
31483
31483
31483
31009
31009
32446
37669
32446
37669
3355144
37849
41347
33629
326237
3772662
33629
326237
33629
326237
3772662
33629
326237
44783
44783
34098
34098
34098
34098
44783
44783
43349
43349
49425
3355124
43723
43723
34352
34625
34352
34625
31588
31588
34526
34526
33214
40451
36855
33214
36855
31801
39027
36032
41372
34625
34352
40980
318825
37723
41141
40656
37235
32523
38046
33182
40261
38230
31150
41757
32662
35145
33715
36688
41364
43698
34567
4379878
37389
246426
40779
40778
32375
42644
33317
37628
50381
38302
32395
3772367
37750
50178
32515
37382
326135
32515
42237
39612
39253
44251
40091
3354994
42239
37681
32602
35924
34370
35223
35746
33213
37982
35747
38885
36086
59144
41317
40922
59141
59142
40924
40921
40841
41320
59140
38023
40923
40920
59144
41317
40922
59141
59142
40924
40921
40841
41320
59140
38023
40923
40920
38578
43974
39900
35237
36929
36930
38578
43974
39900
36930
35237
36929
39979
39567
39569
37822
39570
36575
44275
45039
36617
33210
42563
33963
42201
37624
40415
36160
5740790
48312
33712
35196
42942
32100
35043
41721
36289
34796
3772344
326128
14462484
36289
41721
41741
32524
32100
261631
41835
40325
41542
40002
42619
39310
32678
39941
38565
44446
34631
35692
42183
318918
35744
33837
37818
34906
246599
33738
45682
39845
2768973
40388
31433
36545
39394
40174
43449
35176
40717
42802
37894
42661
35547
40587
36638
34225
42641
34857
40063
33285
44392
318857
46662
39067
42670
34004
43078
32320
33567
42370
41805
41242
44391
35454
326214
41758
319033
35379
33254
34721
40173
33843
37204
3346176
36766
42900
38034
38516
42899
318016
41270
40399
37731
43321
32953
32665
36766
43321
32953
41798
36321
36321
36321
36321
39480
35646
34149
47219
47218
42061
47219
47218
42061
36851
37580
37580
37580
37580
39088
39088
37292
37292
37292
37292
32635
42830
32635
42830
42464
33487
33487
36142
44150
44150
36142
36576
36576
37589
37589
37589
37589
36576
36576
41343
41343
35098
35098
34420
43039
31897
43564
5740688
31897
43564
5740688
43039
41200
41200
34309
42470
42470
42470
42470
43768
43768
42761
39484
39484
39484
39484
31700
31700
31700
31700
32700
41807
43594
43594
43532
43532
43532
43532
39108
39108
37624
41942
32268
38341
34843
37566
42954
32877
42130
45976
42954
42954
40133
37379
38093
41611
43609
326141
35299
34426
38229
39958
33379
36999
38244
37850
41203
38494
41140
31106
35779
31106
117414
32933
33688
3355089
38535
34412
40932
37580
38283
35109
39552
38257
41838
37767
31228
36570
34077
37872
36851
37563
34323
42061
318249
37587
38345
318977
43505
34325
59151
40095
43293
43293
3885647
31384
40155
40095
37554
318904
31272
318905
33721
40903
33721
40903
5740752
5740752
33982
40242
31442
42274
319028
35713
35151
41880
33782
38375
53439
40092
34080
36314
37372
32636
36383
36383
3772349
38714
38714
38714
38137
42545
39096
44271
32881
33132
318082
40030
42509
4379919
37152
41673
32471
42043
38342
41152
32450
40178
32986
40254
39662
40510
39990
36675
35153
35152
41080
43476
42846
33544
53566
41154
40192
40715
32777
32353
38714
42615
31447
43928
37859
31362
31518
32607
40795
31250
44451
31518
43378
31362
41173
34762
37116
34946
33905
36310
32968
37312
46080
46080
3355136
3354896
33974
38167
37069
36747
39430
192469
192469
38654
33139
41957
49045
39241
45970
40560
48844
38915
36584
33220
34984
41161
40449
40459
40450
33711
33711
38490
42400
36468
31349
43926
35670
35067
31562
35688
31349
43926
38596
43423
5740442
35925
34480
38480
41340
41324
37228
39348
35590
32887
36103
35797
37228
39348
43575
40958
4379907
40081
42986
32888
34144
42091
3355180
318856
34318
38582
38749
32954
32243
42863
33399
40815
40861
33862
42499
44437
40233
38074
33899
32209
32384
40724
31030
47091
41694
261626
38493
36025
33409
40620
43905
34320
35649
33563
36856
40168
33025
31993
32029
326230
40359
31971
318149
318148
42960
31103
36127
40694
35877
38819
38815
34333
34785
40327
31537
37142
40712
41193
37774
3355084
3355114
39314
42049
39288
319014
40861
33862
34966
33504
35762
50428
318956
39397
2768977
38904
41437
42877
34554
41602
35348
40708
35347
318878
34554
41602
318878
40708
35347
35348
39085
46391
3354971
37795
31149
41737
32301
39551
41524
43351
40133
41498
39203
39551
41524
31149
43351
40133
41498
37795
3354971
32301
39551
40133
37795
32301
31149
41524
43351
41498
3354971
31879
36581
40075
36917
36234
36299
42517
44554
35538
31200
32034
36916
34502
31859
32301
43351
41303
37795
39551
41524
31149
40133
41498
3354971
39203
30971
41483
41843
44554
35538
31859
36581
40075
36917
33235
41316
36025
33409
33409
36025
42396
40657
43694
31254
32318
37068
40094
3772540
40280
42500
2769006
38303
40035
37429
35788
41147
31629
47765
31321
46059
41366
39594
53438
41571
42813
38905
35052
34433
40982
44910
40862
35801
33114
44498
33212
41226
43034
39447
35931
36382
35931
40977
35686
34708
42414
41254
31480
43433
33232
33308
38643
31978
38233
40459
41646
246533
35927
39217
35927
39217
41226
39502
35921
42813
48782
117365
44039
41995
42289
32207
37068
31016
37713
36298
32996
32995
32997
37763
3772082
37978
32817
3355158
40461
36706
32538
3355114
39314
42049
36497
39450
38978
43166
53567
32467
43657
35785
41891
39737
40682
39537
47765
35327
40529
3354888
43427
40578
32532
38181
318098
318245
41622
35161
50442
36724
33128
33434
42876
36653
42853
32627
326215
35001
40781
42842
44668
36306
42490
42490
42490
31877
44801
2768679
36032
37896
33981
38611
36810
34073
39332
42978
36718
44870
43842
34604
43358
35422
36080
38196
36080
38196
36015
43904
33284
36579
37152
41673
39732
36994
40728
39458
2768938
36055
36249
36742
33547
42036
36248
33542
31653
33545
41075
40866
40727
2768939
37770
33548
40867
35933
32268
38341
34843
37566
40657
39744
42572
31271
34322
33103
39971
33540
33171
39836
37724
32225
32941
40850
35648
38520
34608
44173
38934
31481
41551
33560
39136
39251
36232
43133
46035
31642
43098
36878
31520
32013
32013
32013
32013
38723
35042
31004
44238
36122
32568
42359
50096
36787
40974
33757
32095
42885
36592
48481
32946
34441
38852
32946
38852
34441
48481
41167
41593
50310
3355084
41193
35554
2768853
33538
31880
31879
42028
36787
39457
35801
33114
32646
33114
35801
39417
40487
31046
38598
40690
31289
318794
40691
40689
32880
42064
37247
44030
41167
39403
38248
39159
45318
318909
41461
35297
31217
41503
36194
36387
53442
41765
42823
37207
31722
44000
36689
33305
33304
41159
39624
37838
42718
31726
34627
42721
33679
35369
32217
33156
32217
33156
53567
40433
33232
319014
39028
42439
38593
47251
47283
42180
31708
41117
32768
39978
31217
41503
36194
38034
42900
42502
42502
33905
42599
42253
42366
37824
42253
42366
40509
42854
31269
42854
31269
39157
41801
31178
14462485
32973
38944
32986
40254
39662
40510
39990
42366
44111
44297
33810
33923
32688
42972
3355066
40248
32143
40316
36908
39272
36907
3772676
44039
41995
32631
43651
39478
31872
41020
32257
36582
36428
38726
38725
39744
5740313
50133
33202
43239
43958
5740212
42955
5740802
318666
36249
36742
33547
42036
40728
36248
33542
39458
31653
33545
41075
40866
40727
2768939
37770
33548
40867
36994
36055
2768938
43016
34885
39881
35843
32517
36832
35843
32517
38817
37143
40265
43005
33082
31247
41952
42216
43442
34587
42214
246543
39847
3772640
34120
38447
42326
36760
33781
39195
41067
44001
37025
43561
42962
39367
43634
43636
41901
41882
39996
39996
37025
42962
43561
43634
43636
39367
41901
41882
38398
39367
43636
39996
42962
43561
43634
37025
41908
45848
50143
40543
37697
40527
5740212
43239
41993
5740802
318666
37339
7354404
38649
33965
43026
36404
326214
53428
37024
36019
40239
40238
34153
33437
31887
39399
43268
33516
33191
36757
34503
32877
42130
45976
41942
38436
42882
32353
32663
36024
31912
33224
31410
45655
43080
37292
42994
32788
33865
44747
35016
34156
38595
36784
36563
36420
326155
39828
45786
42834
36514
31208
36143
31740
42888
36547
39644
32786
38666
31338
35273
39644
43842
34604
32841
45785
39762
45785
31904
31904
38581
326262
43831
32296
38205
38445
40615
31100
31099
317944
39343
2768954
41733
37177
35194
36909
36909
35194
40786
38331
45786
40929
32539
32495
40929
32539
32495
41023
33518
41862
41862
33518
318604
42665
34785
45784
39627
45784
39627
45783
39023
45399
39989
37965
39829
35892
42822
31048
39313
38527
41290
40790
31130
34787
43981
42079
37135
43018
33469
33468
35297
41461
41406
33672
34293
40813
31250
33973
44451
39164
39765
47900
45432
42750
41226
39502
40134
40667
40934
32762
32792
40367
34433
37804
37804
2768668
2768669
38533
39122
42165
326166
32986
40254
39662
40510
39990
32986
40510
40254
39662
39990
32397
39625
43707
34624
35370
37961
36405
40848
41183
40904
39130
42159
40848
40904
41183
39130
42159
37238
41124
37888
43359
117406
37244
40124
39536
35042
43737
32443
36787
33501
35199
42846
33544
41154
40192
37476
34102
31773
33452
33454
42929
37165
42929
37165
35068
43783
33473
39630
32290
42929
37165
33473
3355114
39314
42049
42649
31838
33214
34674
48572
36308
42029
41054
35882
32518
41341
318020
31965
49638
37379
34627
31726
33679
35369
42721
42718
31761
43512
32789
32536
36285
35088
40015
33563
33014
43991
40983
34425
41165
38718
41160
41530
41404
39539
32014
40414
40375
34592
34483
33657
318709
41391
31737
42087
34430
36598
36130
33294
7354403
34748
35193
39688
42840
36921
34883
32499
41524
43816
41643
36686
34450
34463
35447
43135
34451
34452
34460
41554
40267
37877
33559
318591
59241
41557
43973
34457
34458
43980
34461
41555
41556
41376
59260
41117
34876
318098
37285
37427
34773
37168
41417
3355094
42892
36725
34313
37784
31695
38147
34313
41137
326153
43793
39306
34496
39327
4379884
7354435
32081
39294
318176
37478
37478
3355107
33097
40635
44381
41500
40632
33772
42808
41937
31689
318636
3355096
42298
31266
38049
35437
32081
32294
3772213
38807
33018
41027
40012
41027
40012
40373
33034
36173
39485
42557
326133
38175
43464
38185
34327
32440
43692
64874
31536
5740834
50364
35850
42996
35335
34778
38635
35335
34778
38635
35335
39827
43761
35521
35745
36651
33427
33292
42426
33650
46085
246519
37625
37287
37622
31413
37170
36865
37624
37168
37626
35155
43284
4379834
32543
41671
41125
38133
32092
35777
32020
36005
42222
41615
33571
32510
33377
41181
40189
41285
38459
44978
35553
41902
35899
34618
43239
32144
44910
41993
5740802
5740212
318666
34618
43239
32144
44910
41993
5740802
5740212
318666
32458
35225
35236
31565
47396
47396
31625
4379919
41673
36372
41273
44108
35662
36373
42979
41316
37983
42429
43582
41853
41852
37961
41852
41853
36742
36249
33547
42036
40728
36248
33542
39458
31653
41075
33545
40866
40727
37770
33548
40867
36994
36055
2768938
40994
33642
34016
34017
33642
34016
33642
318833
38955
40343
35325
41833
33001
35483
45368
36833
45368
36833
31795
42983
32152
42602
38341
32268
43560
43559
40564
40782
33134
37124
34656
40074
42622
41148
317953
43170
33920
42056
42508
31566
37585
43148
31176
41866
34197
43590
36641
40140
39769
34281
31444
31443
39603
41305
38646
37268
38301
34281
31444
31443
38646
39603
37268
38301
34281
31444
31443
37268
38301
38646
39603
44736
53578
39658
42109
53577
36101
33493
36098
246663
53578
39658
42109
53577
36101
33493
36098
246663
43043
40139
31824
32919
38457
33642
43167
40360
41849
41540
45021
41189
326203
33946
32704
43015
41300
33947
47729
43282
33609
37253
43974
39900
38578
37024
41226
53428
34196
38728
31147
42719
39025
41719
40491
3772221
3772232
33530
40155
33499
34928
32268
38341
33903
35998
34187
32094
44496
59151
36539
44118
36129
38916
39133
32358
34849
39691
41682
3355079
44054
41785
38591
40900
38437
33648
37035
32190
40610
32751
41260
42793
42105
41785
38591
40900
38437
33648
37035
32190
33226
44054
41682
3355079
39691
31728
41467
39133
326237
38456
31564
33397
36580
38648
33132
36361
33132
36580
42509
40169
42509
33132
40030
37954
42702
43462
36361
38375
32169
38644
43749
31519
38648
31519
38648
38103
38648
33132
42509
36580
42509
33132
36580
40030
40169
34387
38644
42726
33132
36580
42509
40030
33132
40169
42509
31458
42702
43462
36361
32687
31713
32687
31713
35674
37897
38886
38888
35129
36769
3772658
38886
38888
33719
40866
37256
44390
39254
42933
40596
34378
34699
33932
33854
40252
40254
40510
39990
43092
39065
39065
41316
37983
42872
39244
41532
32229
38748
5740393
317858
32910
33155
33090
36339
35342
45894
40938
41836
37792
33298
38655
36953
42894
35969
44132
44132
42637
39645
39645
48336
48335
48338
48337
59240
48341
41502
41503
48340
48339
36467
41512
40858
34663
32326
32327
36953
42894
38655
40785
33513
2768949
39051
31698
3771934
53561
40411
39863
44839
31350
37702
37818
34908
33960
42196
33180
42504
39689
31812
36831
36019
53428
37570
33353
35374
41973
31213
41647
39774
36507
36506
31732
37803
31833
35885
38503
40389
38521
42041
31342
42739
41543
246589
34014
36439
31151
3355143
34727
36173
33034
38541
39485
39847
42192
45012
45668
34695
41550
36826
44702
31235
36328
40679
36731
40748
32249
42341
44307
317846
36900
39282
34482
34997
34482
44307
36900
317846
39282
42500
2769006
3346192
42795
117368
45380
2769006
42500
45247
41806
34500
34499
34497
3885616
34500
34499
34497
3885616
43228
246533
42610
40273
34889
36102
31736
33137
40671
37683
39585
47905
34350
326161
34148
37428
43450
42362
35163
43451
34686
34140
35366
42928
43442
42216
34587
42214
246543
41107
41096
35693
39448
43550
37581
40250
45928
33445
40542
35847
33458
34425
3355072
33418
3355163
47408
32947
43077
33295
39523
37733
39329
37536
41153
3355130
42192
33774
47942
32777
40715
31308
53566
246605
39964
33640
33560
39136
34126
3355127
38529
326171
44269
44268
35774
40727
38109
35520
36249
36742
33547
42036
36248
40728
33542
31653
41075
33545
40866
37770
33548
40867
36994
2768938
33402
38144
32070
38735
41844
318020
34516
37521
3772670
41474
32174
53560
32786
31338
38666
35273
38204
32786
31338
38666
35273
32786
31338
38666
35273
43105
38085
39034
34540
43505
32526
35254
45840
44736
33529
45840
8674097
318603
318646
31368
32467
8674097
42646
33894
41836
318243
38994
33220
40332
36584
34984
41161
40449
40459
40450
42047
33252
34167
32935
33964
33964
32935
40836
41313
42387
326121
3771915
251610
38070
32771
34831
3885567
33757
38037
38863
39015
39438
326173
40046
38355
36109
39876
35111
37800
31082
39876
33924
32352
38109
40727
36248
44268
35774
44269
35520
36249
36742
33547
42036
40728
33542
31653
41075
33545
40866
37770
33548
40867
2768938
32916
40324
41951
43588
35604
42527
42230
41786
32165
34140
34350
326161
34148
37428
43450
42362
35163
43451
34686
35366
42928
31541
31542
34286
42360
318050
38083
34938
326163
36087
34286
42723
34686
37428
34140
34350
326161
34148
43450
42362
35163
43451
35366
42928
34954
43466
42500
38304
41984
37427
35745
40032
37076
43387
36459
43105
32543
40949
33521
39819
39820
42475
33679
31726
35369
42721
42718
34627
39812
32789
40551
3354992
36190
35857
35858
3354990
36877
35860
45248
42481
3354991
5740392
37923
32515
33855
38897
36248
37770
36249
38109
8674030
41985
250736
38473
43788
42950
35941
38532
33350
31553
43445
37285
36507
36506
34452
41643
34461
43135
43980
43973
34457
34450
36686
34463
35447
318591
34452
36686
35447
41643
43980
43973
34457
34461
43135
34450
34463
34458
34460
34451
41555
37877
318591
41556
33559
59241
35425
38594
43203
43202
38096
38096
38096
35185
35132
35135
38713
31912
33224
31410
37818
41078
39233
33552
246527
37738
36236
39261
36237
34330
37737
37739
47769
33017
31506
41558
39889
40270
38663
39273
318018
3772221
38596
34374
326129
31663
41412
39228
32319
31090
31629
44791
36042
31914
33924
318552
31248
34705
32676
40708
35347
318878
35348
43788
36969
36968
32043
246458
42188
40539
43770
42188
34586
38697
40406
32345
261603
40314
33347
36776
42960
3355163
40168
33025
36127
36992
42834
40443
40694
33552
246527
36682
36742
36249
33547
42036
40728
36248
33542
39458
31653
41075
33545
40866
40727
37770
33548
40867
36994
36055
2768938
39221
246485
33198
33197
3355114
39314
42049
39277
37143
47285
38988
36740
43833
38451
43812
5740879
33240
47763
35842
8674033
35941
31688
38026
38532
33350
43217
32474
33521
34696
33643
32244
37287
43761
35521
37622
31413
36865
37170
35745
36651
33427
37624
33292
42426
33650
37168
46085
246519
37625
2768980
33701
31111
318824
32384
2768990
318097
39529
40690
31046
31782
40691
318794
40689
32880
31289
42721
31781
37301
38598
32789
42286
43726
42188
42188
38462
35586
39304
40946
3355076
38463
39424
39305
37761
32916
40324
41951
42500
3355094
41494
32882
40250
32352
36693
32401
246553
43677
35936
318681
246552
8674108
40275
35935
33128
33044
41601
43104
36539
33653
33323
319030
33321
33320
31065
48805
43533
38976
39626
31761
40689
33227
43128
38074
33899
38651
31210
35226
34022
318865
3346239
39423
43731
31209
31573
42798
35996
246549
40649
34023
38404
31706
32796
39193
37542
41455
42025
34830
34946
40087
39792
40828
33552
246527
35488
42808
40779
40780
34683
40778
246426
33317
42644
42643
35779
37938
39260
246457
40871
38554
32938
42817
43404
43191
32021
35523
35339
47873
41919
32715
37701
41700
33521
31914
36237
36236
34330
37738
37737
37736
37739
39261
37912
41340
41324
41083
38753
40935
43373
3354921
43373
3354921
38075
31385
34759
32240
30973
43101
42950
35930
33532
33856
3355165
32128
39528
3355162
42528
32058
43502
38598
31824
42614
318954
41375
59164
32263
34773
33695
41590
47253
42527
35604
33421
33420
33356
35015
36042
39326
33701
32384
2768980
31111
318824
39529
318097
2768990
35152
35153
31158
34390
33470
33987
43311
34390
33470
33987
43311
38429
36725
37636
31253
39922
117361
33845
37707
39026
32589
31141
37514
34907
37515
37513
318566
53428
37024
34779
34003
39776
3771946
43105
33573
32615
37181
37182
251984
34586
38697
40406
32345
261603
40314
44441
326251
37200
7354421
39825
42299
40324
41951
32916
33495
36038
31318
41173
36986
34752
32853
42140
34752
32853
36986
42140
31158
42840
33521
33561
42211
35707
31576
35708
35706
35704
34090
37301
33250
318722
33120
33123
33249
50198
41930
31861
41114
252479
38142
42976
33103
39971
33636
34322
31271
36199
33904
35475
3771965
34446
33071
35901
38511
37899
42626
31143
43002
42839
32296
39343
317944
38445
40615
43831
38205
2768954
31100
31099
40966
59164
32263
34773
33695
41590
47253
36569
43115
32103
37766
37643
34109
32340
326161
43450
35163
34148
37428
42362
43451
35366
42928
47905
41387
34686
34140
39235
38752
39406
47763
39405
40835
34673
42429
39415
41316
37983
34908
40370
33583
31743
40549
31523
33692
38012
39228
34903
36424
33224
34887
31265
35445
40594
43819
34569
43660
36024
34903
34908
40370
33583
31743
40549
31523
33692
38012
39228
36424
33224
34887
31265
35445
40594
36024
41981
39018
31955
41452
41453
33085
43233
37938
38395
31965
40708
35347
318878
35348
41046
38150
37527
3355016
40448
36137
33131
43788
40377
41375
250736
33068
33853
33139
38654
41957
44096
3355013
39241
39733
43644
43643
34284
317815
38654
41957
33139
36897
32191
47594
38654
41957
33139
36897
32191
47594
35586
38462
39304
40946
38463
39424
3355076
39305
45268
42095
42096
326175
34493
34182
34494
36602
33330
42094
30984
326263
326174
34494
326263
31103
32029
42096
326175
34493
34182
45268
34494
42095
36602
33330
42094
30984
326263
326174
3355163
31993
32668
33472
44360
35940
42501
35577
38930
42095
42096
326175
34493
34182
45268
34494
36602
33330
42094
30984
326263
326174
33418
3355163
44172
34636
38209
42501
35577
42841
35221
40168
31684
34636
42524
33014
31993
326230
31971
44360
318149
318148
32029
38930
33418
44360
35940
3355163
39943
44029
34667
32866
32869
41138
43041
42804
43788
43788
43788
43788
38534
42467
35378
50007
42240
43506
33552
246527
40399
39922
31253
37636
33259
38968
31012
34488
42218
34991
36003
43542
40605
40879
42210
41445
31265
31742
31662
37069
36747
32512
32516
38723
36010
41459
31851
38407
34890
40271
35513
41342
326167
41847
41975
35579
35580
39677
50350
41975
35579
41847
35580
36273
41975
35580
40332
32902
