42169
43312
32659
2768940
47877
32938
31185
31955
41453
41452
42515
38175
326133
42557
326140
41635
318622
31995
37695
43444
41636
34935
42747
44359
42558
53473
43463
42556
41634
39308
3355093
31994
42189
36782
33373
38197
37018
37481
37480
42650
42651
43769
39569
39970
37407
42703
39520
39864
42491
3772082
37978
43867
32817
35761
38784
34111
38781
38783
38782
39005
3771728
38436
42882
32353
32663
36024
31912
33224
31410
43562
42806
42004
117369
41536
41629
43591
43593
44006
43592
44149
41326
41269
42689
37028
37445
35213
33898
31641
37446
37217
38154
40348
42901
37358
35526
37368
31521
48632
41885
40444
36879
40966
326128
37319
41092
36627
39976
35687
33521
41311
37551
39479
41476
44750
39228
37379
31271
33171
43895
39836
318910
37293
39977
33104
33803
318066
43186
43391
42975
33102
37724
42382
34322
33540
42976
34783
33541
33354
326154
33170
39307
33103
39971
33636
39070
38530
37809
36203
32007
32008
37983
33973
34172
31250
36357
34680
39922
31253
37636
319014
5740467
35890
35783
42735
34803
32686
43616
41448
42950
41449
39434
32986
40254
39662
40510
39990
31587
35426
3771951
32176
44620
32399
36481
42421
3771915
326121
326186
38362
36172
37227
39336
41883
31771
37063
34963
39505
39883
37646
39747
34634
35154
32292
43244
34256
35407
45398
40097
36045
40093
33900
326193
40402
38374
43443
33671
31789
41191
32479
42146
37754
34134
35240
34409
31623
43031
3355064
32816
40675
45922
37808
42431
43083
40956
36340
40957
33858
36244
41935
32352
38532
40863
31842
32987
42835
42525
41150
31647
42642
4379834
33211
3355164
31381
44819
43943
36975
5740853
32473
45906
33617
33940
31835
45574
34707
36584
34984
41646
41161
33500
59176
41304
42322
40994
48224
37830
31612
36237
36236
37738
37737
37736
37739
34330
39261
39424
39304
3355076
35586
40946
38462
38463
41454
32508
39175
318920
44887
41033
40506
43823
36699
42615
40993
42579
42580
40492
39530
40145
46717
37890
39659
37247
39745
38931
37236
31841
3771738
37285
39233
32969
41566
32623
38898
42173
36956
32514
34793
32769
33864
33444
41917
32696
35311
34954
43466
318031
38645
36259
32015
32016
40141
35331
3355138
2768965
31351
41208
37190
40812
36488
32609
41469
32610
34546
2768929
43787
34736
37288
40495
49297
49962
5740846
37568
39383
43657
35785
38913
35396
41074
39454
41112
32855
38344
53508
53583
53513
42538
37420
40044
33283
41868
31666
37141
32001
42132
36821
34607
5740313
50133
38193
41925
41839
42020
35399
48971
35057
42734
44046
326144
192467
42291
36845
43693
37617
43829
39761
31950
39143
39489
43507
46069
34054
59164
32263
34773
33695
41590
47253
41845
32608
33332
33850
43518
326216
43786
41975
35580
32142
32315
36604
43387
35911
37437
36391
36574
32695
36161
39232
34160
32694
39231
38264
39106
326194
39230
42988
40248
40316
32880
36293
326177
32789
36603
326152
31420
33692
2769006
41749
39385
32397
39625
43707
34624
45268
42095
42096
326175
34493
34182
34494
36602
33330
42094
30984
326263
326174
32543
40949
246589
32271
317938
32363
36941
32046
326222
31952
36940
39788
318859
43912
37559
37577
37576
37484
37567
36966
37561
42596
37562
32297
32211
36728
32191
36283
41690
34360
31722
42823
246604
37207
43856
40836
41313
42387
42850
43781
5740235
32522
31473
3355133
42484
43758
35267
33048
32898
32790
40094
39090
43590
33943
35042
39536
35584
317999
37179
319019
31961
33622
36748
42077
39753
31776
37315
42186
36059
50259
39904
41433
32381
39561
31075
3346238
35340
39004
33611
39258
33601
46194
5740131
36952
34591
39147
34005
38614
33819
38259
44531
40659
34686
37428
35163
42362
35366
47905
326161
34148
43450
43451
34140
42928
38652
32532
318098
38182
40725
42936
47998
39610
43330
32531
326206
39737
41571
38905
41891
41940
41159
41493
8674097
37058
326197
31487
39981
35155
41490
35522
33758
43490
37685
37467
38987
31422
39066
31600
32754
32569
39158
40952
32069
41139
38600
38414
35588
33534
2768961
36974
37586
40385
33798
31441
44831
36419
41724
36418
246578
3772423
5740489
41524
31149
43351
40133
41498
37795
3354971
32301
39551
32499
40690
31781
31782
31046
40691
318794
40689
38598
38534
39052
42467
35378
41279
47895
40846
246533
8674001
36107
31680
38355
36109
40787
42074
42249
34703
43332
41030
32966
34229
43762
40953
42812
38032
36329
44913
38092
43117
33603
319047
35751
31050
246577
43118
37613
44643
32620
32180
41166
46456
44317
39997
31074
40695
41070
37387
33346
45233
32640
44540
32979
45816
44007
43658
40048
34198
31805
37873
31384
40165
37858
43651
38758
41274
42728
42729
42731
42732
42730
42360
326163
318050
38083
33081
40707
34950
45338
37981
32158
31550
32619
42590
40429
49816
42215
42880
41339
326158
37748
46035
41147
5740122
33270
32646
33114
42438
35801
43990
34067
34553
42753
34968
34116
36285
32920
38050
37134
43892
36462
35306
38806
35315
318886
31618
34790
36881
33881
33408
44115
38798
33217
3355126
318949
37278
37405
43587
326253
38232
31052
35742
39474
35420
34896
38516
43482
42504
37126
33180
39502
40232
40384
37893
32981
41136
36040
38421
45460
32615
41086
36520
35095
31598
34185
38989
35686
34122
34123
34124
42453
34411
36727
36854
43950
38062
40692
3355111
117361
33524
36495
43508
35500
40282
35452
35000
43426
43506
44250
34567
37618
39340
42971
38428
34924
32958
39476
41712
32216
42801
33505
40170
40111
38370
37392
37390
49815
41687
31935
246535
36868
38223
31926
31630
37104
34981
34978
34979
3355116
34993
41673
31072
31497
40442
45884
40860
41599
43741
32872
31869
40433
36655
36123
34183
33389
246420
38135
38611
39332
43820
36810
3771934
53561
2768976
43310
31579
41468
34250
41034
44039
32631
42289
32207
41995
40221
35733
31208
32537
36494
36793
7354409
39415
35287
36440
43491
35565
42955
5740802
7354420
38647
37841
32861
33562
34442
35953
34571
38199
45757
32168
32581
42272
32820
31000
45250
33908
43717
35568
43697
40323
40988
39862
35383
32272
261607
33777
246650
246652
32239
35596
31620
38407
35513
40271
34890
41342
326167
34394
33776
319025
246451
37728
40066
32989
41851
39044
39222
32439
192469
49762
50107
192470
192471
33918
33919
35491
35279
41432
50246
34998
7354380
35837
34036
36666
33439
36318
33749
41520
36316
35587
33438
36667
41706
36661
35543
43304
36664
37941
32138
33127
36665
37594
49847
32859
35608
35634
33056
33748
36663
42682
45556
36662
36412
34817
36317
35635
40005
36752
32093
41019
32172
35115
41488
41486
41563
41487
41759
38311
32170
35946
33756
45524
35948
33755
33754
43663
36496
326259
34063
40779
40780
34683
40778
246426
33317
42644
42643
33470
33987
34390
43311
43104
33194
41359
34483
33583
40549
31577
35016
35026
48448
32132
37300
2768898
37909
117463
5740827
2768873
2768897
2768896
2768902
7354447
2768906
2768901
2768899
2768904
2768900
2768905
2768872
34548
35122
39306
42000
33738
38363
38668
38667
33899
39819
39820
31264
318572
32932
44637
319045
34423
36551
32222
31879
3885640
41801
43668
31601
40989
37016
38149
37676
35920
35234
326245
35780
36372
41273
36373
40369
33514
36789
37178
53435
38206
35099
41351
43630
40459
40450
40449
42397
44724
33460
39331
42931
32909
33258
40529
32073
38612
43457
35178
42093
37272
37549
40963
38579
43690
34713
35077
36670
33110
40266
39188
34889
39144
41616
3771779
35688
31562
35067
35670
39771
192472
34996
34995
34377
35486
38629
35096
31691
261329
37328
44548
35475
37591
42957
33271
36820
38069
35571
37926
43374
39121
41993
32595
39573
36984
43090
37143
34395
40962
44849
41944
41945
37427
36075
36964
39288
318737
2768931
39137
34639
31276
318137
37057
50424
31368
318139
40574
32548
34755
33365
318986
44297
33810
33923
32688
3355066
42972
42894
3355013
34974
45826
34884
326208
40739
38756
31707
40959
39218
32464
31595
32742
3354919
39871
44087
32725
37296
35917
38900
39669
33118
37295
34396
46059
38100
40302
31096
39685
40231
36426
35766
35767
37790
40711
39722
40222
35986
32616
39226
42246
35651
32848
36811
33232
40997
38747
36612
31065
34732
32139
31181
33012
43435
33761
38755
33223
33906
32914
5740788
42941
44889
32679
42005
32954
32243
33369
34136
38457
35719
35718
35720
318566
3355114
39314
42049
42756
42832
34364
40457
31205
34357
32933
32373
42808
38917
33474
31449
41640
42423
40039
35763
40038
43483
39322
36566
36567
38571
38572
33833
41101
33645
43164
38599
40036
36121
35119
43429
8674019
36797
36669
31184
39988
32906
32166
37560
3355127
33119
318579
43577
31934
37791
41518
32322
33445
45928
43978
38300
39079
31749
31592
43740
34286
37176
40793
38661
48309
3772329
31622
261615
326143
41802
39317
41352
42663
326256
40686
31608
32135
31010
43278
34892
38228
42553
39746
34792
42758
40672
40468
53558
40472
35966
47186
40996
49424
36208
32490
32977
318785
36701
32607
40795
38034
34142
41371
35507
35288
43792
42203
43743
42245
318649
42257
318891
34117
41368
37294
38255
33395
31674
43744
43136
326229
43750
42283
36020
33190
32377
35179
35264
2768882
36269
34529
33319
31405
36303
38580
35073
42485
43295
3355175
41171
5740653
43379
3355181
5740221
38586
32785
35061
42003
42434
41850
38779
38637
35880
3355136
36102
43691
42994
33016
34296
34041
35754
34297
34042
31503
31506
38754
31504
42762
38828
38830
38829
36410
326211
38842
32693
38825
38826
36190
35857
35858
35860
36877
3354992
5740392
36319
32839
5740847
32672
32164
45976
32877
42130
39103
38812
40965
40438
32153
38904
34716
39957
37961
34542
41688
36271
43736
45249
34363
44791
3355040
35422
43358
34004
42670
2768998
31638
35865
44438
35681
37444
31363
43549
31256
37706
31156
36722
40431
37780
40563
32288
42958
36981
37005
31243
42422
33982
33710
37727
36000
42750
36037
35417
32585
5740664
2768962
39770
39245
39860
42659
41210
41214
37158
318605
42658
42708
246388
40943
40567
41213
41211
42655
37159
326148
42657
317841
41212
4379919
37237
42749
41399
33649
33775
38287
40933
42046
42045
34479
40505
42992
44008
45875
43191
117364
31382
37507
318941
32435
32140
44679
42872
39998
41569
33351
40630
31701
42632
38846
36759
40872
35708
35707
35706
31576
35704
246651
42204
37301
34090
42211
36238
34976
34750
32124
39775
37775
39347
37036
32786
38666
31338
35273
34427
40240
31887
39399
36757
34503
33191
33516
35724
34658
117365
37482
40239
39918
42462
32325
32300
38841
32444
35822
34291
44632
31193
31192
31188
30986
35821
38840
45706
35835
32902
38698
38500
41177
318890
42723
34967
33520
41864
34508
2768665
32991
39657
31001
31362
31518
43378
43928
37859
31083
318161
32344
5740411
318160
31837
5740386
38640
31198
36577
45883
38104
35578
32915
32926
36263
36764
32923
33600
32924
36630
32925
35499
33111
318243
36252
43515
36031
42302
36540
36270
39651
43163
38959
35265
37033
43271
43277
44263
40392
33266
39910
31289
32240
34759
40987
33835
34888
38518
38412
34096
32426
33766
31668
42867
42354
42352
42355
38658
38659
36356
37901
37357
41477
42351
42353
37657
44227
37887
37662
41581
40894
46032
42587
37925
38401
33107
40708
35347
318878
35348
42079
42426
37168
36887
38594
35494
43134
326221
34258
32767
39447
43034
39252
41265
33608
33607
33010
43900
33658
2768980
33701
31111
318824
32384
2768990
318097
39529
32721
49892
40569
41403
37449
41860
37144
45360
246437
37214
47762
37631
43010
43843
43011
38471
31678
35941
39138
37814
35561
34089
50454
42581
2768968
42505
42589
39490
38395
40217
39974
41026
39024
36174
35189
39973
43699
33682
31212
41989
32212
326159
32582
32335
44183
35140
43325
43916
36209
35029
41559
31845
37228
39348
33477
5740310
31170
40552
40080
37699
33207
33921
34311
338395
31605
39281
31606
318995
3354888
49228
47208
326135
37382
43608
42162
33602
37654
42210
39089
33581
31581
42745
35728
32545
36904
35892
32974
40445
35886
40188
31517
40102
39588
38076
38911
40406
32345
38697
34586
261603
39031
36055
36994
42036
43030
41287
326130
2769005
36249
36742
33547
40728
36248
33542
39458
31653
33545
41075
40866
40727
2768939
37770
33548
40867
2768938
33420
33421
35015
33356
39464
40201
35931
33935
37397
42861
32544
31744
40148
37801
38761
34070
41138
32245
33498
250811
53443
41892
31086
3772180
37415
43709
40653
36057
39431
44811
36241
40131
32112
39417
40349
41253
34474
39305
33495
33597
40073
41489
37399
40072
37435
34264
37246
40179
8674000
36337
42665
34785
39759
36381
41428
42845
37075
317826
40557
35690
43373
3354921
39093
31902
33458
38816
40386
33854
36958
32852
39732
36579
43999
33284
2768852
43904
38689
42890
38664
37275
41962
41967
42338
42893
41791
38662
42337
41963
42336
41789
40441
41790
36417
42606
42339
40437
42891
35334
36458
42334
40590
42335
42875
36933
318918
33837
35744
39156
35849
37419
326264
32087
33172
40299
36233
40487
43913
38221
36282
38364
40053
37483
34745
32410
39878
31858
49953
35056
42220
42783
31524
41029
39943
43504
248102
318095
36104
38765
39861
37805
36384
3355118
36385
3355131
37121
33824
37672
42624
47611
35689
34776
38446
40139
43043
42388
37118
37470
7354410
42979
40944
31772
44057
43168
38410
117366
37020
35685
31163
39504
40857
50442
36724
34711
38413
37194
36774
40177
32133
42852
50022
41840
44921
48583
48582
44920
41609
39542
48581
38944
36508
33705
32378
35875
41714
37602
39311
53581
318053
32775
40475
31760
44072
39666
40701
35928
38406
36467
40858
48337
37111
37109
37960
59240
48341
41512
48336
37113
246581
41503
37128
48335
37106
37107
37112
32299
33047
41502
35995
37108
37105
48340
37110
48339
38974
38972
38973
41133
41132
38975
34970
41071
35793
37189
45830
40528
3771960
3772670
44098
33425
38220
32088
40704
36554
38945
42498
41628
40361
41834
41252
41960
41390
3355139
33184
34431
318059
36698
33046
41823
3771736
3772715
3771911
3771734
3772056
3771991
3771803
318854
3771816
3772225
3772409
3771838
3771879
3772702
3771818
3772004
3772665
3772581
3771981
3772077
3771912
3771910
3772075
41780
3772139
3772632
3771774
3772148
3772282
3772278
318855
3772351
3772360
3772448
3772345
3772346
3771783
3772565
3772505
3772556
3771785
3772541
3772447
3772618
43229
3772575
3771809
3772248
3772083
3772502
3771891
3772264
3771957
3772013
3772276
3772104
3772058
3772496
3772299
3772166
3772099
3772094
3772271
3772336
326273
3772081
3772265
3772203
33736
3772619
31848
3772173
3772421
3772191
3771959
3772370
3772163
3771792
3772517
3772189
3772374
3772231
3772518
3771729
3771723
3771771
3772032
318847
3772198
3772607
3772149
3772552
3772489
3771854
3772708
3772317
3772314
3771908
318846
3772254
41773
3771935
3771947
3772172
3771941
3772113
3771893
3772325
3772519
3772096
3771938
3772509
3772666
3772211
3772129
3772319
35261
39091
40716
41836
39426
42595
40733
40403
38766
41709
43383
40374
36922
41437
246452
36550
38427
39613
32461
32278
40436
43862
37815
39333
39402
46140
31817
41908
44701
43757
38113
318991
318992
43180
41869
50457
38184
32174
32247
41707
246488
3354941
318135
40566
318136
33183
44154
42803
34897
3885647
40155
40095
43293
37068
41295
33631
41698
41837
34528
317885
41699
41219
41407
33471
38029
42866
34780
44801
2768679
34969
50070
36396
38865
39446
33978
38565
326120
44446
41832
33515
43747
43476
43385
39919
33968
43231
48535
43087
41666
41668
43673
32221
35065
40651
49701
32188
33448
41541
38389
43354
34505
36497
42265
31558
33175
31259
38009
41256
42233
33867
37152
36809
31924
3772576
32045
33796
48572
34763
39557
31215
36583
35559
34708
42414
43433
31480
41254
37876
39035
35592
38151
39266
42510
42115
39914
35774
44268
44269
35520
38109
31047
318594
39858
33017
47769
318037
42586
43102
36816
32940
317829
37900
44291
42526
50403
44260
32617
39433
43382
41843
44261
3355041
49809
32937
39275
43645
36027
43839
46020
42819
38743
45525
38923
31059
38878
43422
326255
39195
37846
32566
37776
39554
43814
42610
40273
40160
41158
34338
35827
35828
246565
35824
35829
34597
35825
35830
35826
34598
40941
38721
38722
59215
59216
40581
41367
35336
43873
34319
41028
32242
43946
39118
47765
42844
38176
3885628
32078
31663
41412
37337
36976
43009
32505
40346
39740
39741
40347
39742
39739
32279
35671
37165
42929
36911
32629
39404
37517
31157
42314
326129
43576
31731
31146
41446
34504
37465
33236
37922
36468
38490
42400
43149
38715
42693
42543
42358
42772
42926
32513
38396
31186
38750
35268
42239
34886
42340
39362
32645
32148
41059
40960
36390
43751
33718
36131
49505
39567
44275
42433
32593
42656
43414
41784
5740624
41624
41090
37992
31649
41419
41091
32493
44086
37076
36060
42171
36732
41318
37834
36379
39811
32982
43644
43643
39733
34348
34284
44817
33253
36041
40305
40167
34138
43517
248194
43228
32973
3355134
43828
43165
34220
39396
31037
43788
31799
37532
39437
36028
42412
34938
43215
47220
32604
33907
39213
36176
32083
42064
36002
44030
3355135
44233
36051
42562
40292
31696
42959
31084
41361
37455
3772247
39686
32107
36876
36718
39068
32049
37674
50363
41717
35293
47216
31543
43415
43428
48311
35950
36897
47594
41957
39132
43637
42620
33475
42621
41787
39945
40409
42671
31811
32835
40055
39382
33269
34846
38549
37062
31160
117419
34930
40950
50392
31042
43402
317934
33665
37521
41198
43352
38546
38555
39938
326192
36448
34910
32089
326219
40640
326168
46068
40056
44117
34822
38045
34928
33805
31729
43785
32403
32402
44131
40040
40684
42399
39161
32613
42429
35656
35305
44900
34432
40259
40565
36791
35146
40138
36795
40471
40469
246501
35215
32558
40670
31097
35338
32167
39167
39408
37413
42842
326257
3772012
38693
37372
35003
38229
38793
31903
40127
36146
39956
31602
32282
47457
38630
36687
43265
42521
36029
31522
36860
43420
42833
43512
43502
42375
42022
34188
45707
42021
42023
36857
3772183
37986
34175
34064
317852
37224
37221
246414
37223
37222
36343
37225
246412
246416
36342
37226
35954
38656
3354925
32462
32463
38181
31818
39240
37006
5740320
34437
41126
43936
47173
36839
3772692
3772542
42943
34428
34294
33220
38233
39842
36049
42686
41389
43303
41388
32379
36253
34877
35930
33532
31248
318552
34705
35390
35679
49241
40973
31603
41296
39014
32907
42369
31104
33447
39469
39470
42185
34414
39294
318176
48844
38915
30994
32208
31704
31493
33466
34710
37015
42187
246460
246461
37912
38984
36268
42855
3772662
42218
39777
40042
38073
37596
46006
31230
40220
40616
37945
3354977
40577
44728
41288
32120
31607
3346201
32097
36753
41841
38589
33883
41994
40626
35770
31429
38468
38469
42124
48552
43944
39843
317878
40884
50225
45318
318909
40816
36578
2768670
39656
35152
35153
43579
38820
318553
32701
318554
41134
53562
44027
42717
43767
37818
40605
36424
38638
43660
40673
37070
31703
35021
318954
318955
35022
31872
32256
31474
33411
43323
31471
36705
35796
36264
37702
33209
8674049
44839
31350
35977
38613
35300
36393
36136
34196
38728
31147
42719
33859
43436
318624
31957
34714
31154
37701
41700
44326
42634
34372
39293
192528
31949
32295
33689
326157
50344
3355108
37855
41943
33709
38473
41156
41157
318237
42268
41443
39587
37297
42999
37857
40599
36730
41192
38165
34184
41800
35748
39846
42126
318206
40207
41094
42995
38420
41262
39119
37964
34565
43223
44205
42359
32568
43353
36058
42986
40958
4379907
43575
40081
32888
39654
34842
43505
31442
32970
44021
34858
38713
35132
35135
42413
39675
37633
37356
3885565
42906
39646
37793
33331
31829
36723
31611
34830
34738
36714
36485
39135
39552
31498
39084
42287
36955
318597
42697
34154
35263
39276
41675
3772641
40915
3772349
43713
32334
326189
37571
3771966
33902
33465
36942
40173
48782
38762
53546
39821
35519
31513
43765
42080
39326
38619
37681
32602
31044
32520
41551
41309
38001
35007
41955
34445
38153
35680
39002
3354980
42889
32028
3355006
34179
2768680
4379863
42389
37866
319043
317976
31079
42897
2768945
33967
32728
36409
33279
45827
32386
318107
32328
35125
33652
42848
43362
5740528
42877
37798
31039
43343
3355011
32934
43500
32962
318982
33133
49893
33527
36990
39136
37471
44409
42539
42166
53444
34875
45064
33293
34495
32799
32797
43126
32063
40186
40187
43096
38956
43739
41174
35856
39748
31387
34119
34613
318990
43772
34350
2768879
2768875
318252
32787
40919
37381
117294
37767
38187
44005
33939
33167
32350
41804
42963
40124
41121
40136
33234
37024
42987
41756
31724
31195
44747
38909
40085
31944
32916
40324
41951
35386
31943
40870
31326
35963
34839
36989
36135
35027
31448
42662
41021
3772560
46201
31810
41670
41294
32293
34370
32587
41413
37948
2768732
36365
40507
43735
42633
31063
33966
32984
35664
40683
34901
39003
34416
35501
5740252
31043
34358
33072
35851
35546
32677
43091
39550
33626
37411
38411
43017
36953
35536
34419
33938
32487
39952
32492
7354426
34434
36830
42342
42816
34131
41397
32630
39665
43764
37781
37914
32556
31716
33078
35101
37769
35365
36022
35648
38027
40850
34472
32547
46091
34527
33828
33002
42680
36309
318044
33404
318883
41321
2768690
318856
37547
33896
42060
43930
43041
35784
36360
32851
34481
37078
38196
36015
36080
36568
31020
34230
39899
317974
43689
3772196
41360
34021
32441
31406
31407
41149
43437
3355069
31806
31914
246484
36555
33098
31976
37569
38192
36454
41703
37970
34794
40404
42811
31990
34619
42985
37825
38928
34159
2768916
2768944
34137
39882
31849
37029
3772288
39671
38603
45467
42106
42284
34467
38605
35532
36072
2768886
318231
44160
43984
2768883
34756
31725
39318
37374
38210
38020
40593
33384
35790
35893
38369
33742
46234
31795
42983
32152
42602
49636
42058
41926
246580
44258
32009
41020
32257
8674046
32348
36658
41013
3354930
8674092
34593
37290
35257
36281
117353
38180
326109
261623
36157
31309
37741
32233
34594
35107
41760
46017
35970
31683
35222
53579
36286
40925
318753
31765
39445
3355106
36111
36173
39485
33034
38541
42854
317987
31118
31144
40290
34110
35570
34287
43101
36758
42751
2768725
40294
33256
34630
38941
39652
31141
38994
36043
36939
41522
39057
43268
43112
39886
36465
43111
37565
43110
43113
43114
3772165
46121
41365
37472
38615
42647
40176
33857
40698
47781
43320
32017
32392
41997
33461
33459
44010
35923
36649
42254
33704
47757
40617
49168
46038
35779
35402
42019
32127
32853
34752
42140
33241
39255
40049
3772159
34509
3772456
43833
38451
39406
38988
36740
43812
33240
5740879
47285
33208
43664
37973
31470
35662
38433
34614
34762
35322
42305
33386
43499
31105
37395
33567
34685
35730
39082
45374
36084
32506
38017
32601
31376
33204
43084
41305
39098
39364
39694
32230
34176
42626
46246
43447
35511
3354996
39436
31024
39297
40637
42348
35527
33033
39986
326220
38358
39985
37541
32146
32147
32573
31257
34155
38315
37756
43440
38523
42174
38843
35239
31475
38889
39366
39915
36506
36507
31582
49260
42922
48531
44289
3355173
37493
48532
44148
5740113
49780
45959
39337
45031
40224
8674098
32624
43670
32625
38071
38400
43481
35126
35492
31404
43185
31673
43511
38177
31979
39841
31544
3772179
3772427
261628
42260
42482
40372
35218
43671
41135
37538
35981
32496
38632
38633
37539
37540
41236
42295
39032
37884
326184
43612
43613
42939
49779
31194
36035
44915
38942
40443
33834
39456
42593
37123
48071
42285
42048
31054
3346235
36561
35192
35654
39655
40172
35112
40530
33513
40785
43399
31840
43734
34955
39955
47900
326115
40064
34331
40512
31262
40678
192506
36304
42447
31567
39351
42828
42805
53565
35701
32047
41190
33105
43635
40399
42984
33493
36101
36098
246663
53577
39658
42109
53578
3885620
40806
33413
317973
318662
318150
45780
246582
41531
37378
43679
32584
37910
42457
36951
34359
34726
36018
46058
39628
31511
40621
37683
45269
37690
318924
41079
40639
39855
34999
33449
33451
33486
33768
43095
53573
39159
35795
42849
38136
35197
5740640
31967
33641
37824
41672
40669
33200
53448
50224
40709
40814
41598
36445
33347
33882
31907
37461
38059
45278
33555
32535
40702
32115
35259
31425
36790
43469
31341
31340
41175
38173
33989
33112
38753
40935
33986
33847
32228
42973
42051
42466
42440
37531
4379908
35537
34440
34438
33117
40434
39556
326250
42577
38969
32963
39517
36144
32992
36150
40999
37330
41022
42493
246560
5740185
43369
32586
45401
39950
39885
38773
31357
36654
33440
31373
35979
40772
40938
45894
38873
36431
37335
36697
3772069
41779
39202
37564
44672
37414
35937
33507
37860
43080
41746
42013
38494
41140
38244
37132
14462605
31344
5740446
31557
39413
42343
36288
44543
31007
34650
31014
53445
36246
38669
36824
44002
32599
36099
44573
35219
47384
32338
31175
31571
42863
42851
41570
3771872
33909
32770
43042
31708
40677
38079
31136
43333
39559
38740
34720
35364
40972
39375
38492
34550
32763
40607
31489
43617
41266
40794
35184
35147
39889
34361
32846
36538
117503
40622
37037
41532
39244
44496
117332
43319
36775
39834
40456
33335
40936
44014
41968
44736
33529
36619
45969
33350
39309
33693
43046
34392
36280
38824
43864
37235
45329
34329
38983
3354918
40687
31613
38794
37995
39338
41811
36985
35453
31022
37684
37628
34754
38208
40060
43103
33654
37430
44251
39253
44059
35988
43573
40654
41120
43169
31483
31009
32446
37669
3355144
37849
41347
33629
326237
44783
34098
43349
49425
3355124
43723
34352
34625
31588
34526
33214
40451
36855
31801
39027
36032
41372
40980
318825
37723
41141
40656
32523
38046
33182
40261
38230
31150
41757
32662
35145
33715
36688
41364
43698
4379878
37389
32375
50381
38302
32395
3772367
37750
50178
32515
42237
39612
40091
3354994
35924
35223
35746
33213
37982
35747
38885
36086
59144
41317
40922
59141
59142
40924
40921
40841
41320
59140
38023
40923
40920
38578
43974
39900
35237
36929
36930
39979
37822
39570
36575
45039
36617
33210
42563
33963
42201
37624
40415
36160
5740790
48312
33712
35196
42942
32100
35043
41721
36289
34796
3772344
14462484
41741
32524
261631
41835
40325
41542
40002
42619
39310
32678
39941
34631
35692
42183
34906
246599
45682
39845
2768973
40388
31433
36545
39394
40174
43449
35176
40717
42802
37894
42661
35547
40587
36638
34225
42641
34857
40063
33285
44392
318857
46662
39067
43078
32320
42370
41805
41242
44391
35454
326214
41758
319033
35379
33254
34721
33843
37204
3346176
36766
42900
42899
318016
41270
37731
43321
32953
32665
41798
36321
39480
35646
34149
47219
47218
42061
36851
37580
39088
37292
32635
42830
42464
33487
36142
44150
36576
37589
41343
35098
34420
43039
31897
43564
5740688
41200
34309
42470
43768
42761
39484
31700
32700
41807
43594
43532
39108
41942
32268
38341
34843
37566
42954
38093
41611
43609
326141
35299
34426
39958
33379
36999
37850
41203
31106
117414
33688
3355089
38535
34412
40932
38283
35109
38257
41838
31228
36570
34077
37872
37563
34323
318249
37587
38345
318977
34325
59151
37554
318904
31272
318905
33721
40903
5740752
40242
42274
319028
35713
35151
41880
33782
38375
53439
40092
34080
36314
32636
36383
38714
38137
42545
39096
44271
32881
33132
318082
40030
42509
32471
42043
38342
41152
32450
40178
36675
41080
42846
33544
53566
41154
40192
40715
32777
31447
44451
41173
37116
34946
33905
36310
32968
37312
46080
3354896
33974
38167
37069
36747
39430
38654
33139
49045
39241
45970
40560
33711
31349
43926
38596
43423
5740442
35925
34480
38480
41340
41324
35590
32887
36103
35797
34144
42091
3355180
34318
38582
38749
33399
40815
40861
33862
42499
44437
40233
38074
32209
40724
31030
47091
41694
261626
38493
36025
33409
40620
43905
34320
35649
33563
36856
40168
33025
31993
32029
326230
40359
31971
318149
318148
42960
31103
36127
40694
35877
38819
38815
34333
40327
31537
37142
40712
41193
37774
3355084
34966
33504
35762
50428
318956
39397
2768977
34554
41602
39085
46391
41737
39203
36581
40075
36917
36234
36299
42517
44554
35538
31200
32034
36916
34502
31859
41303
30971
41483
33235
41316
42396
40657
43694
31254
32318
3772540
40280
42500
38303
40035
37429
35788
31629
31321
41366
39594
53438
42813
35052
34433
40982
44910
40862
44498
33212
41226
36382
40977
33308
38643
31978
35927
39217
35921
31016
37713
36298
32996
32995
32997
37763
3355158
40461
36706
32538
39450
38978
43166
53567
32467
40682
39537
35327
43427
40578
318245
41622
35161
33128
33434
42876
36653
42853
32627
326215
35001
40781
44668
36306
42490
31877
37896
33981
34073
42978
44870
43842
34604
35933
39744
42572
32225
32941
38520
34608
44173
38934
31481
33560
39251
36232
43133
31642
43098
36878
31520
32013
38723
31004
44238
36122
50096
36787
40974
33757
32095
42885
36592
48481
32946
34441
38852
41167
41593
50310
35554
2768853
33538
31880
42028
39457
39403
38248
41461
35297
31217
36194
36387
53442
41765
44000
36689
33305
33304
39624
37838
42718
31726
34627
42721
33679
35369
32217
33156
39028
42439
38593
47251
47283
42180
41117
32768
39978
42502
42599
42253
42366
40509
31269
39157
31178
14462485
44111
32143
36908
39272
36907
3772676
39478
36582
36428
38726
38725
33202
43239
43958
5740212
318666
43016
34885
39881
35843
32517
36832
38817
40265
43005
33082
31247
41952
42216
43442
34587
42214
246543
39847
3772640
34120
38447
42326
36760
33781
41067
44001
37025
43561
42962
39367
43634
43636
41901
41882
39996
38398
45848
50143
40543
37697
40527
37339
7354404
38649
33965
43026
36404
53428
36019
40238
34153
33437
45655
32788
33865
34156
38595
36784
36563
36420
326155
39828
45786
42834
36514
36143
31740
42888
36547
39644
32841
45785
39762
31904
38581
326262
43831
32296
38205
38445
40615
31100
31099
317944
39343
2768954
41733
37177
35194
36909
40786
38331
40929
32539
32495
41023
33518
41862
318604
45784
39627
45783
39023
45399
39989
37965
39829
42822
31048
39313
38527
41290
40790
31130
34787
43981
37135
43018
33469
33468
41406
33672
34293
40813
39164
39765
45432
40134
40667
40934
32762
32792
40367
37804
2768668
2768669
38533
39122
42165
326166
35370
36405
40848
41183
40904
39130
42159
37238
41124
37888
43359
117406
37244
43737
32443
33501
35199
37476
34102
31773
33452
33454
35068
43783
33473
39630
32290
42649
31838
34674
36308
42029
41054
35882
32518
41341
318020
31965
49638
31761
32536
35088
40015
33014
43991
40983
34425
41165
38718
41160
41530
41404
39539
32014
40414
40375
34592
33657
318709
41391
31737
42087
34430
36598
36130
33294
7354403
34748
35193
39688
42840
36921
34883
43816
41643
36686
34450
34463
35447
43135
34451
34452
34460
41554
40267
37877
33559
318591
59241
41557
43973
34457
34458
43980
34461
41555
41556
41376
59260
34876
41417
3355094
42892
36725
34313
37784
31695
38147
41137
326153
43793
34496
39327
4379884
7354435
32081
37478
3355107
33097
40635
44381
41500
40632
33772
41937
31689
318636
3355096
42298
31266
38049
35437
32294
3772213
38807
33018
41027
40012
40373
43464
38185
34327
32440
43692
64874
31536
5740834
50364
35850
42996
35335
34778
38635
39827
43761
35521
35745
36651
33427
33292
33650
46085
246519
37625
37287
37622
31413
37170
36865
37626
43284
41671
41125
38133
32092
35777
32020
36005
42222
41615
33571
32510
33377
41181
40189
41285
38459
44978
35553
41902
35899
34618
32144
32458
35225
35236
31565
47396
31625
44108
43582
41853
41852
33642
34016
34017
318833
38955
40343
35325
41833
33001
35483
45368
36833
43560
43559
40564
40782
33134
37124
34656
40074
42622
41148
317953
43170
33920
42056
42508
31566
37585
43148
31176
41866
34197
36641
40140
39769
34281
31444
31443
39603
38646
37268
38301
31824
32919
43167
40360
41849
41540
45021
41189
326203
33946
32704
43015
41300
33947
47729
43282
33609
37253
39025
41719
40491
3772221
3772232
33530
33499
33903
35998
34187
32094
36539
44118
36129
38916
39133
32358
34849
39691
41682
3355079
44054
41785
38591
40900
38437
33648
37035
32190
40610
32751
41260
42793
42105
33226
31728
41467
38456
31564
33397
36580
38648
36361
40169
37954
42702
43462
32169
38644
43749
31519
38103
34387
42726
31458
32687
31713
35674
37897
38886
38888
35129
36769
3772658
33719
37256
44390
39254
42933
40596
34378
34699
33932
40252
43092
39065
32229
38748
5740393
317858
32910
33155
33090
36339
35342
37792
33298
38655
35969
44132
42637
39645
48338
34663
32326
32327
2768949
39051
31698
40411
39863
34908
33960
42196
39689
31812
36831
37570
33353
35374
41973
31213
41647
39774
31732
37803
31833
35885
38503
40389
38521
42041
31342
42739
41543
34014
36439
31151
3355143
34727
42192
45012
45668
34695
41550
36826
44702
31235
36328
40679
36731
40748
32249
42341
44307
317846
36900
39282
34482
34997
3346192
42795
117368
45380
45247
41806
34500
34499
34497
3885616
31736
33137
40671
39585
41107
41096
35693
39448
43550
37581
40250
40542
35847
3355072
33418
3355163
47408
32947
43077
33295
39523
37733
39329
37536
41153
3355130
33774
47942
31308
246605
39964
33640
34126
38529
326171
33402
38144
32070
38735
41844
34516
41474
53560
38204
43105
38085
39034
34540
32526
35254
45840
318603
318646
42646
33894
40332
42047
33252
34167
32935
33964
251610
38070
32771
34831
3885567
38037
38863
39015
39438
326173
40046
39876
35111
37800
31082
33924
43588
35604
42527
42230
41786
32165
31541
31542
36087
38304
41984
40032
36459
42475
39812
40551
3354990
45248
42481
3354991
37923
33855
38897
8674030
41985
250736
31553
43445
35425
43203
43202
38096
35185
41078
33552
246527
41558
40270
38663
39273
318018
34374
32319
31090
36042
32676
36969
36968
32043
246458
42188
40539
43770
40314
36776
36992
36682
39221
246485
33198
33197
39277
47763
35842
8674033
31688
38026
43217
32474
34696
33643
32244
42286
43726
37761
41494
32882
36693
32401
246553
43677
35936
318681
246552
8674108
40275
35935
33044
41601
33653
33323
319030
33321
33320
48805
43533
38976
39626
33227
43128
38651
31210
35226
34022
318865
3346239
39423
43731
31209
31573
42798
35996
246549
40649
34023
38404
31706
32796
39193
37542
41455
42025
40087
39792
40828
35488
37938
39260
246457
40871
38554
42817
43404
32021
35523
35339
47873
41919
32715
41083
38075
31385
30973
33856
3355165
32128
39528
3355162
42528
32058
42614
41375
31158
38429
33845
37707
39026
32589
37514
34907
37515
37513
34779
34003
39776
3771946
33573
37181
37182
251984
44441
326251
37200
7354421
39825
42299
36038
31318
36986
33561
33250
318722
33120
33123
33249
50198
41930
31861
41114
252479
38142
36199
33904
3771965
34446
33071
35901
38511
37899
31143
43002
42839
36569
43115
32103
37766
37643
34109
32340
41387
39235
38752
39405
40835
34673
40370
31743
31523
38012
34903
34887
31265
35445
40594
43819
34569
41981
39018
33085
43233
41046
38150
37527
3355016
40448
36137
33131
40377
33068
33853
44096
317815
32668
33472
44360
35940
42501
35577
38930
44172
34636
38209
42841
35221
31684
42524
44029
34667
32866
32869
42804
50007
42240
33259
38968
31012
34488
34991
36003
43542
40879
41445
31742
31662
32512
32516
36010
41459
31851
41847
35579
39677
50350
36273
