855988
850543
855390
854159
853699
856443
854669
850886
853452
852523
854445
851729
850827
855746
851583
855089
854417
850529
854762
850732
850444
853123
850941
851461
853544
855700
852295
854290
855310
855547
853064
853571
855196
851529
855569
855480
852283
851811
851810
852284
855701
852294
852319
851575
854990
852048
852713
856023
856607
850343
854776
854227
854383
856394
855892
853688
854436
851829
850803
855897
856537
855568
852599
851888
855291
850704
850906
856163
853019
856260
850464
854634
855802
854794
850590
856660
855441
852872
852063
852293
855689
853632
853529
851160
850506
850767
850990
854352
852697
850647
852870
850807
854353
856306
852722
854262
855053
852638
853803
853376
850798
851725
850824
853718
855538
856290
852045
854024
853241
855747
850403
854295
851272
851389
850429
852429
852537
855536
854646
856514
856409
850580
853037
851112
853352
856125
856694
855135
851987
852978
850825
850733
851479
850890
856853
852191
853684
851096
853807
851418
851335
852518
853227
855860
854026
855837
853638
852985
855552
853080
855358
853200
855679
854310
851609
851608
852876
851610
853928
850706
850650
856393
853128
850737
853406
854236
850415
855753
854965
852871
852822
854462
851104
851498
855976
854379
855984
850436
855765
851274
852316
855304
852585
851063
853739
852225
852361
852121
850665
851616
850489
852946
854530
855863
853912
855451
854139
855854
852360
851738
856646
850333
855453
853104
856349
850643
854020
852194
855256
852001
856474
856167
853470
850869
851450
1466511
852366
851471
856021
852131
851763
850785
851700
853760
853744
855335
851775
850592
850833
854505
851203
855950
853641
852169
853367
853882
853366
851347
851426
852231
851310
855411
854431
853109
856693
852563
851985
856898
852953
853868
856699
850391
855808
856617
852307
850671
850690
853617
853175
855598
853659
854483
854030
854473
853098
852325
852312
854294
851997
851358
851988
851454
853910
853372
851800
855440
856234
855266
855518
852446
851974
854287
851433
853559
856504
856886
850490
850683
856322
850673
856438
853387
854420
850790
853675
856581
854094
852274
854497
853870
854386
850686
850666
852878
851190
851141
851153
854946
853083
851884
853552
853512
852455
852239
851105
856240
852774
852543
856494
853236
852149
853625
851350
853216
854009
854916
856496
850770
851417
851995
853623
850536
851328
851333
852601
853207
855023
856492
851944
856640
851946
850503
855809
855398
851352
851943
855418
854036
856502
853522
852943
853686
853274
853635
854441
851536
851834
850366
856081
853683
856482
852577
851312
852047
853427
853091
852747
854691
854265
855066
853796
853327
850695
852905
851042
852030
851236
854637
854836
850451
855366
856618
852897
851522
854010
851289
853405
853709
853510
856664
856089
851416
855962
855423
854037
852992
856457
852522
856899
850578
854183
853563
851641
856887
854650
853581
856388
853864
854693
855674
852579
855274
851977
855117
852456
854138
851887
856425
853902
851869
853290
855782
855745
856732
853961
852757
856870
852046
854992
855923
851339
851421
853671
855347
850329
853667
853100
850298
854901
851170
853193
856720
852410
850369
855807
851574
852015
856049
854506
854802
854080
854324
854175
854055
852041
855226
850747
852565
854538
856062
851764
854938
855500
853332
854446
854235
853416
856599
855580
854849
855606
856794
852696
856866
853818
854406
851431
856317
851520
851772
854190
856092
855061
853267
852752
856084
851928
851035
856140
855158
855999
852470
851757
853034
854686
851444
850877
852113
854111
856648
855581
856014
853968
850821
854246
853679
852637
850756
853853
855487
850314
852130
851960
856508
856387
855716
856486
852513
853570
851321
850427
851533
855938
856017
855385
851143
854381
856076
855739
851079
852124
850322
854775
856769
856709
853527
852450
853497
854166
850553
851394
852991
856399
852681
855386
856181
850774
856408
854163
854233
850748
856310
856104
853260
856078
854346
856860
854903
852436
855343
852670
853365
856382
852733
852054
851449
854225
852379
852254
851368
854694
853353
850349
853861
856386
853275
855898
852432
853643
855210
855695
856544
855560
855549
856200
856593
850453
850511
856681
855710
856621
850307
852144
851557
855726
855783
852101
855949
852632
853131
856725
850888
852961
851086
853842
854855
852546
855583
854941
856426
853636
855103
853771
851259
853418
856840
852203
850636
855512
851369
851221
851010
852691
853594
850668
850616
854892
856512
855438
853616
856178
856612
855130
853733
850562
850612
852406
850631
853223
854179
853534
854875
852748
855502
854162
852987
854994
852472
850919
850445
855128
854703
855013
850399
854106
852489
856026
856779
853540
850541
856767
856083
850714
853755
856277
852276
854789
854494
855284
851786
852560
852079
854857
854434
851547
853568
855934
855540
854853
852873
853526
854469
850933
851929
856741
855920
853900
853271
856519
853865
853339
851158
855795
854025
854844
855269
852569
851103
851208
855708
851636
853173
854811
855014
853762
852371
851485
851858
856852
850449
854815
854276
855618
851005
851979
853477
852070
851704
850947
851727
854781
854817
852096
855633
853059
852895
856775
852452
850585
853878
853887
854934
852099
854509
853682
850579
856417
854935
856892
850645
856361
850419
855757
855273
854470
850820
855584
852172
856011
854507
855243
853904
853334
850523
856763
856785
854760
855543
854735
856077
855342
851564
852286
851099
853149
852288
856036
852145
852135
856771
856031
856101
856473
854678
855034
852223
855182
853488
856691
851903
850982
853967
851263
851813
851041
850788
851703
853007
856214
855656
854675
856219
852538
850346
855728
853666
855315
855612
856471
856067
852202
856680
852258
853056
852065
851383
853664
854454
856445
855262
854411
850619
851695
856002
852947
851071
853877
853965
854181
851226
851544
852782
851475
856573
855428
854322
854382
853135
852011
854354
850994
853250
855076
854444
850398
851512
856316
850628
854123
850509
850750
853603
856069
851840
851920
850857
850852
850850
850855
855475
853492
852365
855625
854268
856750
856423
854394
852119
850334
853753
853546
854082
850414
856105
851677
852692
854985
852042
854369
854092
855869
851771
856900
851452
856147
851467
852618
855339
853397
852240
851119
851391
854046
855275
853957
851812
853844
851115
851488
853147
851942
856491
850782
853502
854821
850359
856742
855998
852467
856658
855691
851168
853792
856155
850885
855858
851726
855653
853107
856814
854736
855200
853031
850674
852883
850670
855252
853888
853363
852200
851196
850639
851023
853157
856566
853096
850711
851477
855173
850703
856389
853872
855958
851543
854933
856165
852386
851690
850778
854205
851865
854851
854203
852275
851718
855662
855167
852412
854682
856721
855077
855208
853761
856722
856669
852317
853851
855602
856517
851918
850863
853226
853467
853489
852259
855392
854418
855157
852228
851513
854407
854342
850964
851831
855032
854897
851898
856454
855766
851657
855705
854165
853535
851861
852431
853585
853589
851392
850903
854973
853375
852587
850871
855723
851493
851435
851545
851480
855170
855704
855316
854786
853590
852024
854430
855541
852016
853856
852220
852758
855886
855029
856398
851455
850846
851245
855409
853992
854791
854119
856307
851740
853300
853734
853811
856237
851990
854118
854060
856154
850712
853464
856543
852646
851976
850688
855501
853503
856682
851084
850394
850760
850676
852602
853204
853214
854635
854008
853209
853235
851824
850568
852462
851364
852198
852890
852383
850505
853243
851087
850400
856478
854780
850438
850353
850554
853852
853222
856263
852988
853558
852081
855682
855707
850991
853593
852574
856784
854759
851261
851504
854283
851415
853244
854937
851994
854359
852193
853359
855890
854160
852102
850710
854052
851568
854889
854915
852266
853710
855622
855956
853647
855097
852785
856010
855250
852476
850540
850950
852719
851509
852925
854257
855801
851362
853401
851121
855942
855865
853153
856563
856630
854577
856334
851187
856629
853276
855611
853894
855288
854495
854808
856734
5848745
855450
854647
854748
853938
851756
851211
856529
854328
856126
854018
853390
852663
851249
853929
856499
854732
853640
856085
850946
851587
856402
852250
852380
855078
856611
852296
855309
853670
851660
854845
855836
855224
851309
853899
853347
850601
852622
852667
850516
856553
856807
856370
856320
856864
855997
853630
852754
856799
850418
851683
851532
851502
853551
854247
856570
854089
851317
854396
855911
852025
852647
856761
853155
855245
851051
853159
855483
854256
855631
852567
853884
856724
856369
853827
854465
854680
851859
852655
855948
856762
850981
853712
853595
850746
855706
856136
856467
853588
856714
856131
855092
851006
855356
852305
852082
856401
852779
850882
852111
856350
851018
856702
854392
856171
852401
854267
854278
854231
853201
852391
852582
856353
853277
855647
850779
855254
852597
850781
853026
856111
853708
850822
855149
850715
855147
855724
853345
856070
851839
852282
850966
851921
851140
855399
854766
856781
854350
850979
855362
854966
853830
856374
852545
852852
853051
854468
855270
855470
851814
852329
850914
852230
856837
851472
851908
850574
851254
855497
851524
850992
856241
851273
855729
855202
852050
855952
854882
854222
853810
854549
855834
855060
855059
851500
854976
855253
851110
853409
852608
855096
854818
851932
855468
856861
854435
851857
854199
852818
852519
852507
856323
856642
854425
850955
852038
853862
852528
855009
853089
856355
851424
855840
855107
854068
852442
855349
850759
851239
851238
850469
855368
856921
851672
853311
853573
851797
852736
855928
856365
855637
854253
855570
852234
854065
853298
852530
853922
854898
853093
854391
851028
850835
855263
853242
853973
854542
852553
856129
851396
855963
852984
856227
855862
850550
855889
851388
855265
850641
855228
853817
851713
850678
853978
853198
852740
851410
853954
853507
856672
852945
856376
854116
853662
855396
853768
856158
853721
856044
851830
851768
856513
853758
856188
852414
854373
853717
850648
850707
851129
856580
851114
853130
855039
854763
851313
856533
856027
853521
850868
853908
852659
854158
854097
853757
855109
855108
851441
850402
851910
856418
854504
851204
851213
852976
856217
851823
856859
855517
855478
855041
856305
853116
852095
855891
851685
850772
856849
854900
851171
850584
852028
853322
856354
850649
851069
851088
850508
854700
854299
856435
850555
854980
852064
852215
852815
854742
852244
851401
851311
855522
852332
854537
850999
852772
851606
852743
855882
854761
854161
856787
851430
850806
852443
850764
852205
852484
853846
850983
855259
851456
856000
856571
852825
850387
856327
851551
852302
853860
854409
855960
855596
850757
854518
856548
852952
851499
852795
851561
851408
856844
854191
852789
854814
854878
856790
853186
851518
850430
856222
855420
854043
852974
856753
852662
851000
854357
853639
856270
856179
853841
856318
856498
855678
854697
853462
854229
856251
856020
854745
852154
852720
852844
854014
854387
851878
852114
854867
854321
851881
856442
855874
856132
856712
850818
853714
852813
852857
851414
852009
850614
852639
850317
852128
851167
856119
852066
851604
852062
856472
851286
852088
856123
855319
850865
851766
855751
856006
852611
853642
855052
854531
850330
856584
855932
853735
856254
856595
851135
853781
856059
853115
855641
856121
856391
851266
855028
850561
856912
852457
854363
852411
855594
852939
854485
851646
852423
854872
854261
853933
852424
853979
855784
855393
850456
851737
851955
856506
853777
851481
853994
851432
850897
853457
856652
856373
855080
850502
852117
851654
855188
854432
856203
852019
851950
851722
850811
854677
851265
850412
855169
852039
850734
850749
850530
854527
854696
852948
854217
856412
850388
856523
855593
856910
852863
851468
851632
852216
856547
852576
853399
853121
853906
851216
855067
854540
852580
854433
852003
852136
852694
853023
851413
853944
852973
852607
851582
854960
851821
854913
850620
854658
853969
854415
855140
853727
856823
852224
851558
856279
850462
854924
853039
852020
852848
851083
851255
856268
853025
851466
851052
853809
856099
853798
853168
851193
854529
854301
851993
853681
852571
855599
850623
853774
853946
854220
852123
852532
855902
855925
852533
852248
855780
851835
854854
851957
852685
855280
854149
854871
851111
850687
852688
856911
854480
852547
856883
854335
854399
853167
852893
851039
854356
851666
854514
854881
851892
856112
854258
851742
851146
856074
852377
854260
851061
851581
852330
851019
853384
855083
852922
851058
856815
856250
853015
856889
854513
853386
852364
854746
852188
856777
851495
856828
850758
853342
852661
853729
855136
855603
855554
855535
855350
856032
856895
851580
851753
853668
851939
852497
854200
851209
856233
851175
853373
851447
851874
855042
855587
853531
852786
852415
856195
856920
852059
854516
851199
856848
851653
853701
851710
852919
852898
852889
852501
855857
856626
854948
851152
853555
854144
855336
851380
853082
856429
851659
853048
855532
853183
853974
852338
851590
852750
853195
850861
851758
854472
851584
852186
856856
850777
851694
850646
850873
853465
853395
853106
855459
850793
850458
850406
850864
853313
855844
855221
851891
852951
854289
854332
854657
851501
853970
850510
856420
851136
854713
855711
852351
854066
850775
851554
1466431
856362
855230
855827
855454
853252
852068
854895
854117
855773
851833
853806
854201
854273
854142
855320
856804
854556
855206
855205
853344
851334
853767
853305
853931
855057
853620
851354
850471
855826
855232
850397
853248
853355
855155
854866
851886
853202
856271
852617
852017
856053
851360
852971
855661
855082
852793
852335
852209
855183
852314
856868
852686
855037
852170
855387
856891
856065
850611
853586
855168
850875
850876
855828
853925
852337
851589
854427
851033
852487
856024
853318
855008
856904
852171
854197
854087
850651
855337
855215
855877
853433
850577
853138
856004
855520
854950
852097
850401
854738
852753
855987
853997
852348
850685
856143
856552
855101
856839
852206
853528
856146
855049
854690
855021
856689
856511
852422
856432
850450
852499
852931
852265
853696
853349
855162
853450
855412
851770
854993
854809
853301
856765
856569
853871
850440
854303
854714
850342
856276
851634
850952
855426
855102
852924
854728
853006
856726
850324
850836
855630
855186
856488
854274
850904
851324
852218
856832
853161
850570
853836
852777
852544
856522
854198
851856
854734
853340
852741
852291
853273
855871
855220
851717
850642
854302
856862
855524
850452
852963
854135
851877
850354
853562
854812
851126
855767
851686
853880
852830
851420
855094
851458
851539
854095
854105
854997
852311
855529
852326
852721
851627
851217
855317
851108
852837
852552
850967
2732686
856223
851457
851968
855977
850745
851624
852075
854876
850305
856647
855965
850499
855446
853338
850515
851137
853993
854894
852525
854167
856022
853178
852376
851631
855476
850797
851676
856924
856148
855905
855605
852616
852006
856079
853574
853249
851082
855126
852187
853509
855829
856264
855166
853651
853158
856567
852788
852703
856449
853934
851531
855574
851724
852804
855903
855730
854563
854566
854331
852071
852539
850599
851934
856441
852591
853438
850300
853434
856908
856351
854284
852073
852955
850392
853506
856677
855449
855972
851981
855408
855003
856922
856616
853936
851376
856638
855725
852684
856434
850719
853490
855832
854551
853698
852746
851494
850602
855267
856061
854471
854102
851013
853230
852875
851820
851260
850713
851789
856367
855591
852665
850973
850290
854778
850539
854765
856796
855177
856915
853644
856207
855833
850972
851916
850796
852664
856749
855548
852032
852439
850422
856744
856659
855025
852783
852529
852382
852838
852921
852139
853932
853304
852916
856152
852503
856674
856094
850843
855048
850860
852235
856415
853700
853783
852168
856144
852834
851162
854939
856009
855588
850466
851182
856838
855458
854270
854796
852675
853174
856764
855790
852323
850455
852816
851885
853303
855778
852549
852802
854918
855761
856683
851643
855036
854825
850909
855609
851969
853181
852773
855567
851560
854059
855503
851089
854130
856243
851996
850367
856673
855953
855338
854419
851565
851048
854740
854424
850624
1500489
855404
854034
855389
851879
853825
851107
854023
852352
856097
852695
852468
851508
853287
851437
852996
854991
851667
851207
856913
855302
853009
850304
855642
850722
855303
855866
852372
854050
852108
850312
851752
852744
856574
856715
855888
854474
851453
850812
854797
856366
851386
853930
854063
850573
852451
852177
856236
853003
853002
851400
850907
856459
855201
855099
850819
853110
852077
854053
856226
850893
856656
852026
853417
856175
855971
854255
856819
850295
851412
851325
854672
856723
855160
850872
855424
852207
855090
856615
853613
854981
855760
850431
851372
853286
851059
854699
854457
852911
851045
854291
851440
852892
853389
856766
854956
852749
851745
850930
856655
855143
852915
852902
850318
855838
851113
850809
851102
854749
853030
854662
856218
851924
853482
851618
852219
856210
855986
856654
852494
855964
854405
852554
850496
850769
852867
851933
853959
854243
851937
851092
853170
855687
850894
851661
855044
851145
852378
853118
853955
854466
855933
851746
854088
851525
853079
853016
854021
1466516
855241
854347
856404
855561
853598
851267
852866
854826
852416
853456
855835
855466
851379
854999
855775
856007
855787
854282
852196
851256
852403
850344
851907
856463
852074
855994
853148
855565
856534
855558
855456
855980
850588
851285
856745
850766
853494
852709
856447
850721
854027
854196
851252
851251
852652
855150
850716
852594
850606
855918
850556
856811
852122
854533
855636
853410
856413
855171
854078
850755
853265
850527
856090
855180
855929
850328
854286
853845
852308
851572
854156
854673
855655
854371
854187
851714
854051
851748
855479
856106
856135
856737
855114
852084
851214
850504
853364
856530
850808
855616
855974
852949
855742
851569
854978
850589
854908
853442
855257
854777
852833
853071
854943
851230
852956
856521
852884
855496
854085
856357
854423
854108
852034
854877
856687
853421
850923
850627
856576
850395
850411
852245
851148
855786
854852
854904
851906
853849
853646
851174
854954
854035
855855
850664
855371
855491
853738
853624
851351
853500
856727
852704
850754
854168
855131
853732
850405
855669
854692
856063
850943
856314
854208
853272
851073
853439
850728
855271
855184
854297
852179
854136
852800
852592
851032
853524
853634
855132
852724
853569
854150
852701
856882
851638
853108
854280
852262
851015
854192
856665
853706
853986
852835
856686
855842
852212
856835
853362
853889
854449
850980
854114
851218
853743
853348
853826
852678
851822
853834
854397
855969
854334
855017
853177
854319
854086
850434
851036
850605
852584
851682
854062
855227
854747
855313
854865
856692
853867
851210
853113
851464
851902
851462
854499
854325
854327
852018
852995
852730
855658
854079
854154
850320
852127
855139
854370
852211
856836
856375
854093
853654
851169
854902
852500
854879
852861
854463
855539
854921
855329
851212
854115
853028
853702
855216
855002
851516
853520
856867
851576
852763
855927
855943
854820
856772
855731
850356
850355
852353
851403
854389
1466445
855174
851476
851548
856295
851332
852287
855127
852568
853499
856303
854204
852865
856421
850375
852421
851607
855651
852142
856255
855772
853453
851785
850370
855268
855495
854443
853847
855490
855457
856424
852242
850376
853011
855346
855613
856705
851965
851142
852453
850621
851731
851846
856738
853918
852723
855471
850976
850742
850949
853077
855878
851798
853587
856364
851931
853784
855414
854028
851803
851777
853423
853746
851337
856925
853855
855137
854768
854887
854914
853707
852440
856490
854230
855626
856884
855824
851192
853775
852037
852433
852190
852767
852969
853901
851366
856805
854741
854124
855595
851656
856012
854725
851220
853716
855145
851842
854211
855615
855332
852058
854984
852014
850522
852614
852882
856510
851264
852676
855946
851482
852106
856716
856297
853812
852289
850424
854790
855895
852826
852511
851802
852491
856321
856419
856368
852007
853333
851741
852418
856196
856087
852255
854242
856145
852357
852862
855239
856292
853060
855276
855499
855692
855055
856559
856776
855652
851446
850514
853869
853466
855429
852044
853886
855031
853789
851307
855223
852868
850691
850892
851320
850953
854467
855022
855789
853523
850519
854986
852051
850694
855388
850441
855983
855403
856267
850594
853945
855515
852243
850915
853393
856029
856731
856433
852666
855732
850361
856107
854721
853169
856579
855848
855373
854575
854664
856042
851591
855993
856614
854681
850347
851181
856598
855841
853455
856422
851733
856289
851818
854501
856428
851894
851406
854983
856384
856657
850987
855357
855214
854912
856091
852138
851434
856228
850878
856801
854744
853197
851744
852185
853398
853770
852437
853142
851002
852839
853146
855197
856589
853172
855231
856575
854651
852407
850805
851699
852521
852520
851730
856462
852349
854306
850693
850593
856758
851201
856820
856739
855477
852735
855203
851195
852964
855926
855750
855247
853288
856736
854487
854157
851442
854974
853317
853566
851721
856115
851326
853229
853308
853926
852572
853821
851754
856018
852481
852408
852619
850491
854932
856919
855012
852385
852734
854972
853125
855281
856201
850630
853191
855410
851506
852556
851323
851819
850840
854539
855016
853895
850709
852817
852241
853567
855640
855664
850435
854279
852797
851678
856751
852313
856372
853124
855242
852766
856594
855737
856863
851024
850358
856507
852950
853539
851484
851122
854695
855675
854767
852811
856475
855906
851243
854710
856806
856016
852480
852260
855592
851743
855289
851862
852598
856371
852885
853097
853081
850507
855534
856141
855645
854668
852398
855514
854388
854909
856932
852609
852853
856168
852886
853354
853475
852780
853036
851100
854241
852983
850520
854829
853114
852896
856311
856430
856161
850974
854344
852322
853264
850598
852100
853259
850839
850413
853832
851967
856760
853848
854075
850702
856465
851620
856041
855762
850433
851719
853491
856247
855521
851860
854277
854185
850963
855474
855118
853419
856352
850682
851068
852934
853072
852715
856278
854688
855634
855359
855894
855995
853982
851706
854223
855936
851085
854949
856134
856448
850637
850753
851611
850945
856001
850409
851117
853463
850552
854385
851473
851478
851427
852775
853033
851241
855091
850844
856830
852846
851147
852636
853782
853665
856740
856821
854232
851163
850883
854764
852023
850544
856088
853441
855544
850977
854285
853600
853160
855957
852888
854822
852233
851755
850632
851665
856130
854439
856746
852880
852702
854213
850889
852854
854550
854717
852199
856842
850969
854338
854711
856160
854339
852606
855248
852129
851923
856610
853610
856831
856926
851191
852778
855321
852548
854061
852444
851954
851761
855586
856850
856298
851594
855415
854029
855968
854401
851125
854376
851649
856095
856182
850838
855931
850962
850569
853187
856229
856319
851027
853471
853371
856561
854656
855621
855328
854525
851671
856520
852990
851978
850776
854970
853747
855571
850998
854702
851319
44005
855489
856485
855068
856916
851670
853839
855779
856156
853557
850935
852707
850625
854519
854380
855632
855249
853377
851407
852612
852004
852610
850352
850383
853580
853429
852257
855104
856923
851150
853262
853674
852680
851342
853995
854330
856048
851647
850740
856645
852864
854170
851635
856918
851521
852904
852189
856855
851154
856294
852982
856220
856481
851049
850423
851377
855095
854244
855324
852806
854307
853164
856613
854317
853893
853381
854414
855709
854315
854819
856792
853956
852993
853382
853690
856056
854221
854840
852013
854543
850517
851774
855876
855749
852624
855207
855919
853985
854517
852485
854337
851787
856209
853697
851843
852979
855727
856180
854384
853800
851487
855056
855161
853099
855481
851652
855917
854016
855741
851409
855051
852798
855910
853447
855469
850795
853316
851899
851065
850763
854773
856186
855788
853050
854987
855026
851723
854508
852083
852093
854076
854083
856455
852625
856876
854552
854057
851095
852586
854982
852061
855643
855912
852796
853578
850437
853163
856568
855769
855237
853750
853550
852344
854813
853863
855884
852755
853628
856128
851159
853122
855722
851327
851982
854456
854428
855430
853194
856600
854019
851200
854663
856395
852388
856313
856489
855122
854860
854553
856869
853724
852327
853422
854090
853937
853062
855771
856015
852479
853996
855881
852742
856901
852937
850528
855258
851425
851346
855954
851984
856312
854869
850652
855951
854653
850727
854726
856346
855893
851844
851779
853723
853461
855043
851707
856476
856466
853479
1466469
851893
855981
853991
852564
850944
855448
851014
853379
853458
856909
851909
851895
850905
855913
856670
853508
851615
852536
854888
854056
856098
854584
856040
855498
852986
852495
853788
855301
852318
855436
851530
856704
856187
852222
856249
852810
851640
855460
854541
855264
852958
850501
851926
856480
850761
856381
853481
851698
855688
854292
854448
853532
850940
854263
855628
850326
855287
854408
855764
851876
851563
850609
852306
855755
854642
853525
854641
853857
856275
853896
853942
854715
850545
851963
854152
856169
856403
851338
850996
856695
852477
852881
853140
852762
851807
854926
852261
855883
854038
850613
856071
856719
851917
852751
855427
852821
854769
853335
855054
855819
850549
853400
851098
855306
850654
853780
854535
850301
853840
853583
855575
852620
852673
853843
855660
854314
855462
855654
851419
851336
854930
856917
855774
854252
854989
851460
856153
855553
853133
853445
854772
855649
856262
853219
851237
854557
853713
852938
856436
853516
855417
855663
856019
852080
854073
852394
854544
852107
852903
