5527
5526
5525
5529
5528
5518
5519
9989
5520
5521
55844
5522
23498
5208
5209
5207
5210
5226
22977
8574
246181
8514
9196
5571
51422
53632
9520
51752
2028
29953
64167
4012
440434
206338
290
25980
2805
2806
137362
339175
55798
131965
79828
3148
3149
3146
6934
83595
11166
6665
8403
64321
7343
28988
3927
23527
8853
50807
116983
55616
1627
3059
10529
10174
2017
4892
4703
11016
1386
467
2355
2353
8061
466
9586
1385
1390
122953
2354
10538
116071
55509
31
32
1622
414149
645877
38784
6670
7071
389058
6667
92595
79364
7789
158586
2971
128209
80320
8462
9812
6400
80343
23231
57001
79966
6319
50
3658
48
51
8309
55289
8310
37
4706
84532
55902
79611
65985
123876
341392
142827
116285
54988
348158
6296
71
60
72
59
70
58
653269
653781
728378
345651
445582
139741
440915
140625
84517
340441
23784
388468
317754
100287399
404785
100996331
6871
93624
4851
4853
100
161823
51816
1429
57687
284273
9540
128
137872
131
124
125
11164
132
116412
125919
221785
9429
64137
9619
64241
64240
154664
10349
23460
10351
10350
112812
2230
1355
2232
291
83447
292
293
10478
8089
55689
246269
166378
7415
10939
6687
10730
4582
60682
64744
55803
90639
11033
9744
116984
64411
116985
116987
116988
8604
10165
83733
79751
9673
5238
6541
6545
57709
84889
6557
284379
6542
8140
189
10598
130872
25824
84883
8424
55217
388962
552900
51027
654483
130355
134147
5359
57047
57088
57048
389158
51706
1727
51167
51700
6942
9535
2764
9948
84186
389874
7555
85364
23390
54503
84885
22848
55589
347359
129138
2875
84706
84680
217
219
216
8854
220
223
10840
160428
218
224
501
129642
154141
619373
10162
79143
84920
144245
440138
79868
54726
360227
79087
199857
85365
56052
200810
644974
10195
29880
8813
146712
29929
79053
79796
91893
83903
55821
1807
1400
1809
56896
10570
1808
51343
2166
158584
221143
84961
23194
25827
222235
26235
271
272
270
23549
54977
8301
9892
164
8906
23431
162
163
10717
8905
1174
130340
11154
1175
8907
10053
1173
9179
26985
10947
85439
161
160
8546
8120
8943
1176
10239
348110
10393
51668
51529
64682
730268
29882
29945
51433
7037
3301
55735
55466
5611
10294
7266
27301
328
2245
10434
11313
127018
54840
11284
353
6582
6581
85413
387775
116085
387601
55867
114571
9389
55356
9376
6583
6580
6584
9390
9356
136306
359
358
362
361
363
4284
343
646951
360
366
364
231
57016
10327
7881
10061
8260
84779
6646
8435
8694
375
377
378
381
100996709
100506084
382
51128
403
285598
132946
54622
402
162417
64902
85007
64850
4942
383
384
79814
6722
400
221079
26225
84100
390790
10139
392509
200894
435
27297
26061
51166
55860
10120
10121
170487
284382
10097
81569
10096
57180
653857
440888
644773
647156
79913
51412
86
64431
10552
10095
93973
10093
100526693
26140
81873
10092
10094
10109
993
994
995
64801
5036
54584
9055
3861
84952
25842
55723
54529
440
374569
23321
84816
445
51761
10396
23200
286410
23250
57198
79895
148229
5205
57130
57194
23120
57205
491
492
493
490
374868
10079
11101
27032
9914
488
487
489
477
9140
9500
26100
55062
11152
56270
8723
8408
9706
25989
149420
140901
39454
55102
23130
7364
167127
54578
7365
64422
23192
84971
115201
84938
9474
10533
11337
11345
23710
440738
84557
643246
81631
23766
79065
10058
285973
80162
93974
22
472
64756
91647
480
476
478
479
495
91419
11186
514
432369
4508
4509
10476
517
518
516
498
506
513
515
509
10632
267020
539
545
5591
26297
55920
475
55334
29986
29985
27173
540
538
23080
79109
21
23461
79722
83992
57182
140460
50944
54522
151258
124565
145389
81539
55238
146167
54407
140679
55089
92745
206358
120103
153201
285641
3416
3294
51181
873
112724
201140
145226
874
50700
3028
51171
55079
389549
23616
55114
9912
51291
10395
90627
392
57026
9411
4649
9056
11136
23428
9057
1510
1509
5972
9476
4602
6621
4603
4605
9988
84075
84106
284355
7536
10656
202559
10657
9444
587
586
54680
9326
8621
51755
5754
10746
4215
1326
4214
80122
56647
617
676
6046
8019
23476
1387
2033
133957
6652
8678
29
613
1123
23092
143872
1124
79658
55843
343578
10928
201176
9644
285590
653361
2904
64333
85360
9743
115703
57584
57636
57514
5295
84144
23526
94134
10282
51272
27095
100128327
58485
26574
7461
25999
6249
1639
79745
22919
10982
22924
330
79444
329
331
332
4671
112401
642
23198
7531
7534
7529
7533
7532
10971
2810
4692
9790
56267
883
6898
1730
64423
23002
81624
1729
91010
752
23500
392862
29109
114793
85462
80206
56776
10256
84687
54477
55607
8204
154043
26034
22866
144100
6521
57282
9497
6508
6522
9498
83697
83959
57835
8671
9570
23001
57705
8439
1130
65065
23218
987
3141
4363
368
6833
1244
8714
10060
94160
10257
85320
89845
10057
56254
9810
6047
91445
5192
6048
56658
9070
10146
9908
25930
10015
85415
148362
114822
55299
23020
113510
10721
10973
353497
6651
54819
54602
80762
80055
1201
699
701
9184
8480
93627
54662
8566
51042
8437
8831
153090
5921
5922
10156
22821
9462
100271927
64926
114049
8896
153443
112858
55660
221002
153020
9771
11069
51195
1025
7525
51265
6792
344387
8814
8999
2907
51643
23017
64114
23469
51105
64324
8085
55870
23067
55904
55209
9739
29072
7468
54904
11083
58508
51230
6697
3290
374875
10202
10901
115817
9322
23048
54874
9873
11252
29763
29993
152503
26751
50618
6453
89848
9901
4522
25902
10797
441024
79877
80347
60490
8208
1376
1375
1374
126129
1384
1103
54677
1120
200205
9125
89849
55054
79816
374286
10517
23291
9410
10300
26118
84277
22826
79982
4189
54788
808
801
810
805
91860
285051
7134
7125
51806
163688
4637
140465
821
811
1047
125972
5535
5534
116143
63928
11261
54997
830
829
93661
832
10487
10486
1373
790
643834
643847
5222
23621
25825
5225
1523
23316
5962
3175
390874
9480
10229
44007
25942
847
57171
5538
1736
142940
672
7391
7392
23012
11329
55561
8476
9578
1760
26524
9113
55245
148811
95
25864
5476
54504
59342
875
51095
259232
779
775
776
6334
773
6323
778
6331
8913
777
8912
6335
6329
6326
774
6332
8911
6328
11280
3052
902
905
57018
904
246175
57472
25819
201626
90806
23357
9973
6647
10921
8872
55964
10801
124404
4735
23157
55752
23176
5413
5414
989
346288
8555
8556
54935
7803
11156
138639
8073
1033
9891
81788
2986
10769
4751
65975
4217
9064
6789
8881
991
166979
65258
26030
10451
57580
221178
7409
57480
23229
64857
7410
5194
50649
8874
9459
221472
440107
89846
121512
55785
8697
6655
6654
5923
5924
2889
266747
5900
55103
9649
9693
5863
23179
996
123016
1070
1068
1069
84288
11140
55664
1731
285961
151011
8318
8454
8453
55294
164781
8945
253769
5347
1263
126520
10733
998
57381
23433
32981
79029
55754
161291
644444
79577
8317
128869
990
4998
978
1017
983
1018
1020
1021
1019
984
34411
1040
8760
988
54995
2194
1058
3021
3020
57410
57147
10101
80224
4682
53981
54973
29894
1915
9133
79935
891
890
8900
85417
896
10309
595
894
54619
51002
79080
9134
3336
100132346
494143
79094
1106
1105
1108
1107
26038
100507217
80205
27159
1118
1116
5016
1117
1111
646643
5681
388228
1663
51750
440081
83990
642846
3036
3038
3037
728239
7216
56160
1758
9221
9391
26156
58513
6904
2769
3832
11127
3797
9371
3799
3798
56992
3800
1062
285643
57576
1431
1163
1164
652904
5063
10298
7016
3984
10420
3985
56924
8491
5058
5062
1212
1211
63874
51099
51340
1213
8218
10978
23277
89953
100132341
100272147
79085
29957
114789
284427
84319
23397
64151
9918
8541
7268
54970
51287
388753
1073
11034
1072
83548
25839
57511
84342
1314
9276
317
114987
27339
1315
372
11316
22820
26958
93058
80219
23590
57107
27235
22818
51226
51805
84274
51117
51004
57017
79934
56997
84940
23603
11151
57175
7464
10391
79585
100529144
7779
55532
7782
7780
64924
148867
7781
169026
1352
1353
1337
1339
285849
1340
125965
51241
285521
5018
10063
4512
116228
79145
4513
100289404
4514
1329
1327
84701
9377
1350
152100
56942
1595
56603
340665
10858
1592
1577
64816
1576
4051
8529
285440
66002
1591
1579
199974
1551
6916
1580
1594
57834
260293
11283
126410
284541
10390
85465
56994
5037
157310
788
123096
283130
153328
283600
54675
27440
196410
25840
155368
5565
100131390
130497
1434
84162
51146
53947
1459
1457
283106
127933
1460
58496
51013
54962
55795
10987
10213
158747
253558
55326
56894
56895
285498
100507650
63922
5985
8819
11169
596
7538
677
678
10783
8812
1317
1318
25814
9646
90353
339352
348180
92344
267
8452
8450
8451
4212
4211
7050
90655
90316
63876
56917
5316
60436
5087
100527943
80714
5089
27336
10992
55702
81576
51503
23524
57703
55192
56521
80331
85479
285126
7737
140432
80218
54883
10283
84811
80157
27315
7841
1537
23035
23239
8036
2314
55631
23513
55914
55227
9258
51179
54363
80777
1528
79152
4519
54205
7403
23135
7404
8473
9652
160335
3713
8522
115548
9050
9051
23149
339855
10531
5480
5479
85313
23759
51645
10465
23398
7265
4820
5481
653598
164022
5478
653505
10105
10450
5903
100996725
1491
26007
2623
2625
2624
140628
7227
2627
2626
57529
4584
4589
53838
10857
10424
29937
1803
2191
57628
1804
91039
54878
7371
83549
156
157
131890
375449
6093
80174
10926
1654
8653
54514
79039
1655
10521
55510
9879
11325
168400
1662
79009
55308
11269
29118
317781
64794
54555
51163
25879
54606
79075
262
8879
10455
124359
203611
253175
9425
54165
55208
84259
123879
23142
4953
51582
113451
55802
196513
28960
167227
1635
81602
7389
414301
84301
83714
56675
55190
170685
11163
11165
1834
7062
51586
8562
91319
51009
25855
84312
79139
79644
6715
116255
80168
84649
158833
346606
347516
158835
646409
54521
54806
5743
6336
2746
2747
1656
1653
1973
1974
57647
56919
22907
1665
9704
60625
6392
1725
4172
1468
8402
284723
9016
253512
399512
7351
6182
7350
7352
10907
54957
27243
25978
5119
57132
51280
9156
27292
51106
54431
165721
150353
3300
10049
197257
8540
728294
1738
54108
56655
7871
55154
11144
5889
5890
5888
1763
3978
3981
3980
10059
1759
26052
1785
9373
282809
10299
220972
55016
64844
162333
115123
51257
83475
53918
23033
9980
55108
84444
5427
11073
54107
4802
1802
1801
285381
100132911
51611
120526
92715
89978
5423
27343
27434
1791
10514
23649
5425
5422
5424
5428
5426
100128843
84513
196051
8611
8613
5980
340533
10072
582
57019
55280
143884
130367
81537
55661
6760
57696
29979
56893
29978
50613
143630
51497
129563
85441
5877
92675
55748
84735
11200
139728
8536
57172
57118
5260
9261
23683
79012
9201
25865
5587
85481
6528
60482
8884
159963
160728
5095
56922
55278
5091
64118
54920
11062
56931
1797
1854
140735
8655
10126
1778
79659
1770
196385
8701
146754
1769
8632
201625
1768
55567
1767
25981
127602
56171
1719
200895
573971
124641
10933
9643
10934
51742
10943
5926
64769
55257
25836
10048
57610
84926
10969
23293
1891
1359
1360
1358
51200
1361
1357
57094
130749
93979
553158
80024
57419
123041
23392
2678
728441
2687
91227
92086
124975
2686
728226
5927
1820
8284
10765
8242
138715
10620
84159
10865
157570
114799
51426
5429
11201
57169
5976
5833
80153
2060
84823
9185
85021
6345
81488
1917
158078
1933
1936
1937
653689
2952
2953
10985
1938
9343
85476
84340
54093
84193
79918
23167
22979
7284
60678
1967
8892
8890
8893
8891
83939
84305
8661
4627
9667
84081
79811
6294
8662
728689
8663
8666
6625
8668
11171
8669
1119
55500
55224
84337
79915
79071
6785
83401
60481
79993
64834
54898
84254
10645
6921
100287483
100132973
6924
162699
100506888
101060457
728929
51224
55250
8518
55140
26610
23587
23065
9694
55831
51234
83460
2645
80201
3098
3101
3099
10959
100302736
51014
11018
50999
23423
353376
3998
79748
10960
55622
30846
2023
2026
2027
128178
387712
58478
705
9685
29924
55040
22905
150350
29100
8576
51109
207063
57665
79758
147015
51741
80314
26122
54495
81542
5034
81567
23246
727967
55244
146802
9213
11014
10945
11015
2107
51114
79683
84243
29801
55146
25921
131540
79844
29800
653082
254887
55625
51304
340481
6713
2935
23708
10767
3930
7108
1717
50814
100288072
93517
3283
3284
80270
51478
158160
11161
10280
6309
10826
6307
4047
64215
146456
30001
56605
222068
54732
1497
42723
10175
29097
254263
149111
6836
2671
51614
57222
51290
10524
84148
11143
23522
7994
3875
51575
29777
9700
387700
9194
9121
162515
201232
9123
9122
117247
6566
23539
151473
9120
6567
220963
5300
2108
2109
2110
8315
51102
10493
2923
9601
204474
64714
121506
64789
149371
23265
2203
8789
200576
57732
79038
55680
9765
9372
682
27349
7923
26063
84869
56898
80308
127
130
126
642443
9775
4799
152518
85289
85369
57464
6801
29966
128025
29888
197322
80221
28965
376497
11001
10999
10998
11000
2091
345630
30836
51077
10989
9150
51496
2222
9380
134637
26503
2237
348654
1356
341208
9843
64374
23640
3607
221937
121643
8456
3344
9907
2290
58157
9896
23145
140453
94025
4585
283463
4588
727897
7450
4583
340990
3936
5358
5357
51024
81608
2286
55033
51661
51303
11328
60681
2289
2287
23307
8468
23770
2280
2281
642489
2288
27022
2306
2302
399823
2296
2303
200350
3170
2304
3169
2298
442425
27023
2300
349334
100036519
1112
81034
9636
6613
2330
2327
2326
2328
2329
388714
135154
91433
29015
8501
124935
222236
83642
63933
60492
81889
51011
151313
10553
9703
23028
4129
196743
221656
54498
4128
123263
2339
2342
100529261
91612
124751
2356
3295
6342
140856
84263
8899
727758
79858
100533105
6446
10110
2224
89872
100509620
7511
7512
2395
6389
53905
50506
27035
79400
8844
5563
57787
94097
94081
81855
118980
119559
10588
100528021
2030
55315
3177
56916
2271
5594
5595
5596
5597
5598
51701
23097
26
124056
10296
64795
64777
29080
28999
1960
1958
1961
116039
1959
6668
83855
136259
26149
57573
79088
353355
7559
7700
7691
79973
7692
57336
7675
80108
7626
147923
113835
7569
284443
25925
58491
7769
27300
374928
55786
7556
54993
147948
147658
90987
163059
10781
79230
115509
80818
7768
10795
7627
7549
93474
163050
7567
63934
167465
7755
342945
163255
401509
140612
6940
54807
284371
7490
84891
374655
58500
23361
137209
7738
80095
374879
100289635
284323
7581
115560
100287515
7582
57474
7733
58492
79692
342909
163227
126231
90338
387328
90233
100130934
7767
7693
158431
284306
79744
55669
26330
2597
9255
8565
2539
9563
2821
18
8733
79660
5507
5509
5506
90673
648791
2582
80146
23483
130589
2585
2584
9900
29988
11182
54438
7249
5564
2592
23657
54433
5188
2782
2783
59345
2784
10681
22911
151790
10399
50804
4670
1994
1995
1993
10659
11189
10658
1996
6426
2643
440275
27102
5610
9451
3727
3725
3726
8850
2648
2186
27443
29994
11176
55324
23
55738
2653
2731
275
6718
1646
1645
83592
8644
1109
441282
957
955
9583
57089
56261
178
2664
2665
1121
1122
396
397
398
55858
8729
23362
5662
23550
84249
27071
10564
1182
1184
1183
1186
1185
89941
55288
84273
7485
51608
439
9945
2673
5471
23163
26088
23062
146691
10043
8027
10040
10166
9453
80232
54461
79018
54994
84446
9024
6787
341676
4750
28951
10221
57761
83931
23387
54861
4140
283629
9833
5562
89801
51389
23030
9682
390245
23081
55693
5504
2733
2992
8908
2632
2752
3029
25953
84264
23474
26286
84364
2710
2712
256356
51022
2745
114112
10539
51218
1806
23193
2595
2548
8972
93432
6476
5589
84572
6472
6470
25972
85019
23169
11046
64841
414328
26227
9527
51026
127845
2771
2775
2770
2780
346562
2781
2779
9630
2773
2778
2774
2776
2767
2768
10672
23008
2819
23171
2820
9488
5281
2531
9487
84720
93183
94005
5283
51604
55650
51227
5279
9091
5277
54872
10026
5641
54707
51184
8202
1798
2882
493869
2879
2880
2878
2877
257202
2876
79707
388697
388698
2312
26003
64689
3309
3305
3312
3306
3303
3304
3310
3313
6782
80273
134266
79176
26231
146330
144699
196394
2729
2937
2936
7296
10587
5901
51715
221547
6779
9446
119391
2954
60491
10325
10670
3565
64121
58528
8833
9615
60558
79631
55733
57467
284098
115704
7813
23232
23216
57533
9882
96597
9910
23637
25771
55633
4943
9779
54885
23061
23158
11138
27352
23102
23329
83874
79774
26000
55357
254272
414060
9712
51136
654341
374403
652968
729873
353149
729877
414059
84218
128637
79735
64786
129049
9905
125058
161514
2997
2998
3009
3005
3008
3006
3024
3007
132243
3010
375287
8971
50809
3014
8969
317772
8334
92815
8335
723790
85235
3012
221613
8338
8331
55766
8336
8329
8330
8337
8332
3013
474382
8351
474381
83740
9555
55506
8333
8367
8359
8360
8365
121504
8366
8364
8370
554313
8363
8368
8294
8361
8362
94239
3015
85236
8340
8345
3017
8348
8342
255626
3018
8347
128312
8349
8970
440689
8344
8339
8346
8343
8341
158983
286436
337874
54145
8968
440093
653604
8290
8352
126961
8358
8350
8353
8357
8356
333932
8354
8369
7272
6197
30811
3000
83983
4801
4800
8520
43928
5931
5928
64326
8886
54676
5469
2308
2309
2307
668
2305
100132074
4303
286380
3171
653404
2301
2299
2295
8928
653427
2294
94234
3508
9716
9931
4343
10013
83933
9759
10014
51564
9734
54039
5094
5093
3190
57060
212
211
23464
210
3145
7390
1371
2235
114879
114883
222
221
117143
164045
728071
51236
26275
7290
128977
55911
202052
85406
23341
3157
3158
3156
10247
10363
6721
4286
7942
6945
4149
3298
159119
3299
124535
3297
86614
100130086
100506164
3276
56341
10196
3275
55170
10498
3163
3162
3094
84681
135114
2272
4817
1432
5600
5603
6300
5599
5601
5602
29893
150280
84072
580
4659
27130
91526
54776
4660
404734
26057
27165
4796
29123
23253
84250
287
441478
116729
92565
54511
3155
3065
79885
55869
8841
112483
340562
6303
92342
6430
8683
84447
11236
153830
7301
7010
2042
285220
2043
2044
2041
2047
284656
2048
1969
7075
2050
2051
2045
2046
2049
91
3181
220988
26528
10949
3178
124540
4440
3182
3184
9987
9584
144983
1452
1454
1453
122011
1455
53944
1456
26268
81570
3320
3326
7184
664618
3327
441051
7190
10254
2885
6456
6457
6455
9146
10262
340529
645974
10179
54033
51729
93487
167359
83942
81629
23617
10419
8772
3329
10808
22824
3308
10525
51182
10131
23410
22933
51547
23411
23409
23408
51548
11230
89910
9690
59286
143279
7337
26091
8916
101929134
55008
10237
347734
51000
6514
155184
201305
56606
6515
6517
144195
6513
6518
66035
55530
9899
51719
81617
169355
3620
285148
63929
9978
5184
3420
3421
3419
3418
3417
3422
91734
125476
1964
9086
101060318
1965
8894
4528
1968
255308
9669
1538
1539
1975
7458
8672
1981
1982
57409
1977
253314
100131693
9470
317649
56648
1984
143244
1983
3692
10776
2029
10994
23633
3841
3836
3840
3839
402569
3838
9576
6519
6520
3842
30000
3837
3843
79711
26953
55705
3614
3615
2766
51292
22858
4117
5891
740
284217
3915
3910
26059
55075
148741
23085
56339
9681
85458
1857
1855
1856
125488
158219
22996
83451
83943
55272
92856
196294
3612
3613
54928
51477
83850
79772
23344
57488
3636
56623
4068
117157
8867
8871
3633
4952
54617
54715
50810
154150
84717
3068
11168
54881
57418
148581
6795
9212
6790
27148
9807
51447
117283
253430
5464
27068
10788
8826
128239
1266
8407
1265
1264
29114
6876
4763
4768
257218
84759
3070
79132
57697
23405
10595
2081
11276
122961
81689
6610
57128
4342
140609
9798
51634
51639
23283
1478
57719
203859
50636
121601
55107
55129
196527
338440
63982
23479
100534599
57461
339122
6594
8467
9557
11177
9031
3704
114134
154091
81031
9604
25897
9781
255488
127544
84138
6660
55553
9580
7019
55677
3270
79602
51094
124222
152559
344838
85315
54852
164091
150274
22992
84678
23133
80853
5253
54620
3720
134218
55246
54853
3550
548645
10540
27145
5214
5213
5211
9670
51194
50808
205
100507855
221264
158067
204
6880
55644
64172
5566
5568
5567
6198
5593
5613
5592
5580
5588
6195
5576
5577
5575
5573
9060
9061
57721
3833
3801
90990
3834
2730
84630
814
5261
9263
817
816
818
815
51727
203
26289
8216
116138
3054
54758
29915
54455
10244
57563
122773
23588
126823
4626
114885
114884
114882
9159
5126
5122
5046
5045
54760
5125
125061
2987
10233
136332
51678
143098
4354
4355
1740
64398
1741
4600
51765
10494
8428
23043
50488
9448
9943
92335
55437
27347
6788
1022
8558
23552
23235
284086
152110
91754
2011
4139
1956
4598
22983
23031
23303
63971
23095
221458
64147
3796
84643
347240
11004
153339
100129118
56900
81930
146909
124602
113220
8564
57521
57396
1196
1198
1195
53938
5581
5583
5586
5578
5579
5585
29941
5582
5590
5584
207
208
124923
10000
5634
5636
5635
5631
221823
5313
5315
84311
55226
10397
56886
55757
65095
11103
1841
129607
112970
2547
7520
8942
25938
54497
253782
91012
29956
204219
79603
10715
9697
23471
133022
7454
8976
142685
7456
644150
147179
81887
10558
9517
55304
8877
56848
64781
375298
55750
2182
2181
51703
2180
23305
23205
81616
51451
9836
129450
25983
51517
5887
23608
23609
7682
7681
123169
57594
8034
284439
203427
2739
84693
6741
55323
51574
10421
11019
387787
5048
4048
6051
57140
84909
9361
83752
57380
51601
163404
8612
9890
54886
79948
11343
7041
5829
9824
79822
395
100288637
9754
158763
4026
89839
10438
9402
10750
342667
30011
55361
55300
112817
55341
2794
124801
57819
27257
27258
6637
6633
25804
23658
11157
6636
51690
51691
201163
64223
51196
26046
84946
55692
51747
51631
100996928
55119
51319
65117
84188
51635
3292
25979
55711
132949
10157
60496
79956
8379
51361
4085
10459
84232
55003
9921
81790
84549
10153
57062
708
54805
26504
26507
26505
4123
4122
4125
4124
4199
4200
10873
23173
254042
10988
51726
94236
8721
200539
23556
8732
8446
8731
171586
84696
11057
116236
2932
2931
55388
4173
84515
4171
254394
4175
4174
4176
39014
606495
92106
10845
22974
4191
4190
3948
3939
160287
131118
29103
9093
23456
11194
6891
3112
23457
6890
23161
83891
57231
81609
90203
29907
28966
79856
64089
124460
54899
26750
399979
92017
4747
51499
3954
137994
25875
23195
10902
8266
164153
24137
55605
55582
22884
84246
400569
9282
9412
51003
10001
9443
91807
4638
340156
85366
65018
23604
10290
1612
9262
1613
51458
57127
5447
4552
64210
5017
653121
83482
349136
26190
84231
64397
4144
4143
10482
56000
55998
56001
728343
55999
1879
253738
57593
136319
145553
100528064
4255
4976
80124
140823
23743
4548
635
131474
84269
51142
400916
1041
394263
1060
7707
23528
169792
2736
2737
148979
2735
84107
7547
84662
85416
7546
7545
257101
7716
9745
5042
26986
80336
140886
132430
8761
51144
3293
83693
55825
5607
5605
5604
5609
4632
4635
4634
124989
10398
58498
29895
4633
103910
10627
5395
5378
5383
4292
27030
7175
80184
389170
2803
1063
2804
7336
387522
7335
387521
10463
146956
84057
5147
55161
11253
57134
10905
4121
9695
80267
55741
81551
92597
79817
126308
55233
148932
81532
54802
29098
219539
29799
388403
51646
83719
84315
22879
23041
440574
9044
84083
50485
5325
55734
55277
25874
167838
80321
10130
10954
5250
5930
51660
29925
29926
23586
64135
4351
10199
9512
7384
23203
7385
11011
9874
23369
9698
54915
51441
253943
91746
9904
4691
4361
3482
23013
79922
29960
117246
51312
81894
51154
80723
139378
55676
54961
1848
80824
1846
1843
6815
150290
85464
1850
11221
11072
1849
1852
285193
1847
1845
4437
4438
2956
4439
4436
84219
79269
79726
6626
6629
5935
9023
57510
84896
6671
7543
59336
63976
2122
4482
8394
23396
8396
5305
8395
79837
138429
266971
84705
22976
4507
4490
4501
4493
4495
4494
4499
92170
26164
85865
101927446
4524
55671
57223
55972
51629
84245
51074
55256
25821
29104
51409
23534
118460
23517
91351
55601
79003
55687
10071
11338
9926
157724
56301
80198
4597
29886
51375
29934
8724
22921
253827
51734
4628
4629
22989
79784
57644
4622
4619
4621
4620
8735
4624
4641
399687
4643
4645
4625
55930
4644
4642
4651
80179
51168
4646
4542
23026
4640
4430
64005
283446
90624
80018
60560
84316
122830
79882
3183
79366
26579
1842
22913
138046
343069
4666
342538
23148
83955
91408
689
132556
23475
55191
92345
54952
7073
7072
347744
55345
54456
4676
4673
4674
4675
645996
266812
64428
26502
80155
79612
79829
51126
125228
116151
56904
51100
57630
112574
257364
51429
10589
4686
22916
6427
392517
1810
54888
387338
4842
4843
4846
23413
30818
30820
30819
3208
3241
80333
83988
7447
51440
5957
10403
11228
11113
150209
27158
4830
654364
4832
4831
29922
283458
4833
23399
10106
58190
10436
23492
9054
51540
225
27247
10474
7805
23350
441795
10362
127540
9760
6749
55651
56987
285195
10479
84679
23315
6553
6550
9688
51388
9857
56954
8178
54475
7011
401551
64802
349565
23057
5654
94031
27429
203100
26019
51068
10527
10526
4836
9397
9727
100527963
55739
128240
374887
196541
124512
196483
79609
25895
79091
121952
151194
254013
26155
28987
64318
79050
23560
79954
29889
55505
23029
55147
9733
84365
81892
8602
29997
6431
6429
27288
4841
55269
6421
6432
6428
8148
2130
2521
55131
4839
63899
221078
51491
10528
51602
55035
161424
4848
4850
4849
23019
11321
84450
4864
29881
8643
5727
139411
442213
59084
133121
5167
5169
22875
339221
5168
60359
10641
55666
8131
83594
25961
57466
22828
7704
8609
688
54981
27231
4338
54963
162239
54663
80349
10412
197370
286053
28986
728269
4103
266740
4107
4114
4112
4102
4113
139599
645864
158809
51438
4110
4100
139422
286514
4109
64110
4108
4101
4115
4111
139604
101060230
347541
57692
139081
100533997
10916
9947
51141
54780
493861
23636
54830
4928
9818
23742
9972
1153
23435
6786
5467
8875
375775
10908
10204
128322
29107
55916
4913
28989
149281
7862
27154
23774
79960
9767
23338
4302
8028
80209
94026
8021
9883
100101267
53371
9631
23165
55746
2021
9941
123872
9353
11064
9321
83540
26354
54552
80060
84220
653489
729540
5902
389842
9648
129401
57122
79902
6845
6844
6843
10791
9341
89874
401612
4967
55753
55526
1743
1744
1737
8050
1629
5161
5160
593
5162
594
4968
29789
115209
26873
51501
23595
4999
5000
5001
29095
94103
94101
25996
83884
27248
10956
23762
5007
9885
114876
65977
26031
114881
114880
10087
1603
6184
64285
79651
84061
7991
746
1650
6185
5009
51633
139562
55432
140711
55074
135112
57707
65263
5831
29920
10637
15
27303
5937
5939
6905
219899
1780
1781
9454
89891
79819
64446
27019
23099
687
54623
64900
23175
9663
643314
9924
255967
79646
80025
53354
55229
11044
64282
10914
56903
64895
219988
197135
11273
6311
54965
4857
4858
8939
10644
6416
5608
5606
8270
30848
246100
283927
254552
51585
9319
27013
219771
151195
5111
55486
5130
9468
23659
3931
201798
81789
1059
8690
84948
91151
200765
166815
220359
57645
8622
5151
5152
5142
5153
5150
8654
50940
27115
5165
5164
5163
5166
10295
152926
54704
57546
10454
79183
134829
23047
23244
55163
3831
84334
553115
25801
6717
10016
824
826
92291
10753
10400
8417
23673
203062
8675
6804
55014
55823
57617
112936
9559
10311
64145
53349
93210
23481
115286
8800
8799
92960
5195
5193
5824
5828
8504
5830
51555
5189
5191
253832
158866
51201
64429
84287
5190
5202
7411
5203
5204
10471
5201
55339
653247
5545
5544
5542
284161
51573
79153
5230
5232
5236
5239
55276
283209
9489
5229
5876
5875
375743
5245
84775
11331
9725
57156
55362
22877
22987
10864
440044
54556
3621
51147
84289
3622
5880
2038
6575
6574
136991
5716
64849
9058
284111
6561
26266
5080
9260
6473
653543
3218
11155
2928
145258
431707
127343
9124
27295
653544
5307
26468
5309
653545
6474
51450
4824
5308
60529
5396
1745
1748
5129
5128
5127
65061
5218
9200
201562
51495
401494
1408
1407
5834
5837
5836
84105
5092
79666
79443
80119
55011
55172
120379
5298
10580
22833
8470
10423
5170
23139
653650
9475
255189
283748
123745
5321
8605
8681
100137049
84812
5335
5333
23228
5336
113026
9651
5332
23007
89869
5330
23236
5331
5334
10190
79691
132954
79031
5132
653707
5082
10555
10554
5223
5224
441531
669
643576
4285
341640
79753
5373
5372
29954
10585
39297
23753
6388
5387
55768
56902
283871
2631
8508
64077
84064
4860
57153
204962
80736
23446
126969
9878
84969
27324
56984
3767
10940
10775
29883
9337
51367
65220
5537
5499
5501
5500
5515
5516
5531
5475
5530
5532
5533
22843
5494
9647
80895
5496
8493
147699
5495
160760
9562
52
249
250
251
248
79717
285755
23508
9360
51400
27293
10924
6609
5498
84108
78986
1844
5536
5470
58497
158471
10567
5558
5557
5832
375189
5216
8175
51362
79446
23512
9128
10607
8559
10291
6433
1659
8449
79665
9785
26121
9129
9416
51428
83479
25766
256536
10915
55015
22938
5356
79582
1477
84292
165545
55760
126248
24148
10946
163859
10594
730249
7048
79705
5706
5700
5702
83858
55210
5701
5704
5705
79170
255738
7064
57486
9588
10935
7001
5052
10549
152007
144321
256710
11010
10321
140902
51050
7180
83690
83716
200958
167
221476
5687
5683
5685
143471
5688
5686
5682
5684
5694
5698
5695
5699
5693
5696
122706
5691
5692
5689
5690
26287
3611
84079
27063
140461
23761
9837
81603
10612
7706
135644
64785
51659
23178
415116
11040
5292
5715
9937
64858
64421
10217
100129924
100303755
6262
493753
8189
10005
51651
138428
4593
25963
84910
374462
5791
5784
5778
5524
5803
26095
653129
5795
5787
5800
5777
5793
5771
5770
5789
5792
5802
5781
10076
5797
5783
11099
5774
143162
5788
5796
6564
6565
121260
729025
51296
22827
79171
9933
2618
5198
10606
471
158
122622
159
80324
83480
126789
84881
285367
26995
27079
5625
58510
33117
8659
113000
54517
83448
11266
128853
56940
142679
5822
5825
215
5826
11137
8994
7205
7791
84962
126374
96626
55679
100288695
54984
1723
7372
7388
7381
727947
29796
27089
2515
7507
2067
36654
5810
2072
5886
8458
6596
375748
56852
79836
164832
84333
1161
7508
2073
100533467
5884
2074
101243544
267004
54821
2071
10111
85443
5893
2068
43577
8438
23132
546
25788
6853
7158
7517
5892
54386
6237
22800
3845
3265
22808
5906
5908
3266
51655
4893
23312
1657
26015
25807
57414
84236
1819
4733
22864
23518
10777
64080
9616
1104
25998
38669
6103
79654
9986
192286
51751
25994
123346
613227
8569
8550
2872
7867
10743
10231
1827
11123
10171
8634
57649
51317
10640
100131187
100130890
84844
7270
90441
11079
79947
51455
57455
254958
100288527
100288562
100288470
100288500
101929627
57109
81875
64782
3669
81691
54516
9617
6118
29935
6117
4792
5982
5983
5984
5981
91869
57559
10617
5990
5991
5989
5992
222546
731220
5993
64864
3987
2275
2274
2273
9457
55885
4983
29127
64288
64376
64375
10320
22807
80317
84922
9827
8490
64407
10055
8883
10054
6009
121268
79785
51285
390
387
389
171177
391
388
54509
29984
57589
55312
23473
6650
6742
252884
4086
29896
84930
55186
84275
83732
8780
55781
6240
6241
50484
4931
140801
6134
6135
6136
6137
9045
6138
23521
100287887
645683
6139
100526842
6141
6143
4736
6142
6144
641293
200916
6146
9349
6152
6147
56969
6154
51121
6155
6157
6159
6132
51069
6156
6160
6161
6165
6164
11224
25873
347292
6167
6169
6170
116832
553117
6122
6123
7311
6233
7314
7316
6168
644338
6166
6173
100529097
6124
51073
6125
6128
6129
285855
100130892
6130
9732
100132167
6133
642740
6176
6175
220717
6181
10036
3925
6059
4209
4205
4208
100271849
4207
729991
51187
387129
65008
51264
57129
65080
11222
63875
124995
29088
26589
54948
65003
29093
28998
10573
64975
64976
64983
64981
116541
64978
9553
6150
116540
64432
84545
4695
55005
81550
2593
219927
1479
9939
5905
246243
10535
29102
8635
60528
55520
92714
91947
27106
57561
10628
645432
50650
10276
22899
9138
8997
27237
25791
23370
64283
9181
11214
26084
11056
6659
6666
6656
6664
54345
6662
6658
6663
30812
6657
6736
25885
84172
30834
221830
64425
6949
5437
5434
5440
100129174
5435
9533
51082
5441
5430
643664
11128
5439
548644
246721
5431
55703
5432
51728
5433
5438
5436
55718
10623
661
10621
171568
84265
10622
3066
80135
6120
729020
84154
7554
92283
84614
22934
5714
5710
11047
80227
79228
5708
5707
5709
8533
5718
5719
5713
8665
10980
5717
9318
9861
2873
5442
10556
79897
83743
92399
286423
51335
23223
6838
51018
9014
8568
23076
54700
730092
79159
88745
51010
51202
81575
55794
54512
11340
27341
91695
23378
9136
23016
22894
115752
22984
23212
56915
8720
23404
6204
100529239
93144
5339
5393
5394
6205
6206
1647
4616
10912
6207
6208
64963
6209
6217
6218
100505503
442216
6222
100131863
6223
6224
6227
6210
6228
6229
6230
6231
100996747
441502
6232
51065
6234
6235
6187
2197
6189
6188
6191
6192
140032
6194
6193
51081
6201
6202
6203
6601
6599
6604
6602
6603
40
41
55193
23450
1642
51023
28973
6628
6638
8926
23327
4734
83737
11060
11059
64750
57154
57826
5911
5912
9077
148252
54769
23551
643752
3921
388524
220885
63931
51116
64969
64968
64965
58490
55197
23248
55173
6183
51021
549
51373
7818
64745
54460
64960
60488
51649
64979
7030
22797
23168
57142
6253
10313
6252
79871
11066
221662
22944
6631
55954
6627
54839
23639
65999
4738
23504
9256
4001
1832
8975
8078
8607
10856
6635
100130932
51411
274
55909
273
55291
9701
22870
22908
22876
8888
29901
10713
9099
645836
9960
377630
9101
158880
23032
23326
8924
6794
191
10768
23382
4580
10651
25813
6683
63979
55137
9525
79781
11104
56681
57050
10728
80755
3069
80114
29927
55176
23480
10952
5885
642636
9985
10734
10274
442578
10735
54441
64940
149986
26065
6199
9252
8986
6196
282974
2868
2869
202374
55351
6341
9997
9218
9217
128486
55681
55153
84661
8382
6391
6390
644096
54949
5510
83450
341883
51119
54468
23478
90701
10113
54536
23233
6396
8775
63908
266629
23541
6397
730005
284904
9717
51537
157807
89866
9919
662
9554
9117
26984
4905
6813
6812
6814
117177
5866
10802
10427
9871
9632
4301
23162
55082
3619
55770
22845
4218
51762
5872
10890
376267
25837
326624
158158
5865
9545
5864
5874
5873
115827
201475
10484
10483
22872
25956
91369
11231
6728
7095
10565
23096
440073
26269
9922
57221
11336
653319
90332
91828
7127
283849
60412
6616
9342
8773
6811
399818
751071
81929
7979
4654
80746
283989
79042
23064
1488
1487
403340
5723
29968
4297
9757
2145
2146
26040
150572
56950
10322
64754
79723
6839
23451
387751
84674
55665
6576
2098
6598
221895
5977
84826
113402
375035
10227
64434
56970
112869
6314
222255
127002
8106
390748
100529063
7110
9950
2622
3908
83449
641
5965
9400
9401
7486
54557
6449
79657
10273
10910
55898
146862
55164
6834
6907
79718
90665
116966
26060
23309
3337
11080
25822
374407
8554
57178
83637
10401
9063
51588
6499
6500
65260
26576
6733
6732
2268
400581
84174
6503
3092
9026
7094
59274
83660
84296
55132
23367
23302
9671
55088
92558
51430
55696
10569
548593
79008
79939
23256
79677
10592
8243
27127
9126
23137
10051
119358
6632
100129492
6634
4891
6556
657
80235
7341
6612
7327
387082
84901
26153
55083
10749
9585
55614
64599
26058
8674
8673
128866
29082
92421
6597
6595
8479
11267
9611
9612
23186
283248
55758
153527
9092
4809
10557
29887
29916
401548
6643
6642
6649
255252
122042
59350
6648
100129518
55346
6954
255394
100996631
100996648
25796
3909
3911
4000
57658
23384
8887
24144
28964
28972
7096
22981
51199
9789
60559
357
10426
10844
27229
6723
6611
101928530
5337
5338
23626
56159
30827
27238
1666
317749
53904
11198
8464
6884
6827
6829
6830
55109
55105
14
221496
23592
51170
195814
345275
9249
157506
9515
134957
3993
3996
29091
6727
10618
6730
6731
6729
6734
58477
80117
402055
63826
140809
4924
4925
692312
56342
5032
4216
2966
730394
728340
112755
2054
6810
8676
415117
6809
1024
892
92002
81669
29101
136157
390031
143506
113675
10993
389840
4293
4294
327
4898
10269
57144
23463
4752
340273
5243
5244
8647
10963
10953
6674
6767
145165
144106
26135
7251
55293
79986
7564
203523
342132
7638
11107
7690
10664
140690
201595
3703
5297
9793
535
23545
10312
50617
9482
79693
10923
8802
47
7919
10212
11218
8803
8801
284129
65010
375611
5172
115111
115557
10861
116369
1836
65012
10289
10209
1811
115019
56943
6832
113419
9829
2580
55929
10428
7465
9088
494551
11035
11091
54554
5929
80335
100101467
57634
10847
347918
54823
55135
16
57505
833
79587
1615
55157
124454
2058
5859
56949
25949
2193
10056
57470
10667
2617
3035
23438
3376
55699
3735
23395
51520
4358
84769
5827
192111
255027
92935
4141
4677
79731
55027
25973
57038
5917
55152
90196
6301
54938
115290
6897
123283
80222
54148
7407
57176
7453
10352
51067
2958
2960
2961
2963
2962
104
105
23536
103
161931
132612
113179
9147
6881
6883
6882
391742
6872
138474
6873
6875
6874
6877
27097
55884
49856
6878
10629
6879
54457
51616
129685
6888
132001
55623
285527
10129
202018
3476
6901
84790
113457
7846
10376
7278
7277
51807
112714
79861
1962
10383
10382
203068
7280
347733
84617
56604
347688
81027
51175
10381
1155
6902
6102
7283
27175
51174
29028
54454
6908
387332
9519
55784
148281
51760
91683
84258
341359
6857
9066
6861
143425
6860
23208
127833
57586
6950
10576
10575
22948
7203
10574
10694
150160
908
10693
7178
389787
59347
392490
148534
83723
79850
5959
8463
7003
7005
7004
9894
9364
7248
9610
11021
5728
7179
7145
7015
84321
115825
284406
342892
7629
55769
148268
7587
84503
117608
57567
10794
284370
7709
7771
148213
7728
26974
9831
7596
55762
84911
144348
171017
162966
163087
100529215
219749
55892
7673
7633
8187
57209
339500
7772
92285
25799
84436
51351
10780
199704
57167
91975
79862
374900
57547
81856
57335
84765
7766
2972
2959
2965
4331
2967
404672
55814
9328
2968
9330
6917
6920
6919
170082
399511
9441
90853
127428
3988
8513
643414
340654
142910
643418
96764
59260
54974
219855
27010
80255
30
10449
3032
38
39
84324
57187
83860
23091
114823
55258
79896
7263
4357
26517
1678
26519
10245
10440
29090
51025
29928
100287932
653252
10469
92609
26521
26520
26515
60561
261726
7086
84076
8277
10228
8677
79716
25829
55751
202915
55319
54865
1939
28985
51372
55854
10972
9375
9777
56889
10548
57515
10955
347735
256987
619189
79613
2957
11036
286749
51305
54207
3777
60598
3776
89822
56660
25858
338567
3775
8645
83795
50801
56659
10089
9424
8914
10075
51366
9870
57531
9804
387990
56993
10452
84134
54543
9868
9049
319089
7150
116447
7153
7155
7156
2475
23049
6496
55239
60386
7167
729708
7168
7171
7170
7169
83707
79033
51504
391358
7109
63892
8295
2346
10003
7036
254827
10004
219595
11181
10361
4869
10360
29121
60487
54482
93587
54931
158234
55621
81627
27037
79979
6894
152992
57570
115708
55006
51605
24140
10785
91801
57604
4234
122553
79090
51399
126003
22878
6399
10597
51693
7295
9352
84203
255220
25828
253260
9524
253017
90121
55720
115939
5134
84306
9675
25809
150465
164395
83887
23093
164714
254173
158135
440307
9654
79739
7090
7089
151525
23038
780776
51030
201158
284040
100533496
5756
11344
169200
55775
6720
55253
441250
127253
55039
7298
6675
91373
7317
7318
55236
27304
79876
9039
11065
55284
9040
140739
3093
7334
389898
29089
65264
54926
997
7326
7322
7323
7321
51619
9246
7332
100131816
7320
7319
27338
57448
63893
118424
51465
7329
7328
10537
7347
7345
10868
100287178
100287205
100287144
100287238
84132
57602
100287441
100287364
100287478
728386
728373
100287513
728400
728405
100287327
728379
728393
728369
728419
100287404
100288520
392197
84196
645402
391622
392188
25862
84101
84640
57663
7375
57695
373509
84669
83844
27005
8237
9958
9098
389856
10869
219333
64854
57558
7398
7874
23358
55230
55031
84749
401447
29761
57646
9100
9097
134510
85015
23304
197131
130507
55968
137886
165324
23190
51035
23197
11124
79058
26043
258010
7386
100128525
7353
53407
9320
25831
10277
9354
6468
26261
7915
126133
7360
81562
57337
26054
59343
29843
205564
26168
123228
51371
8816
7374
65109
65110
116150
139596
27166
51012
10650
100533975
9875
1503
56474
81605
55850
8615
8411
4478
441425
441430
152206
80230
91074
84210
132320
11259
64793
22902
55127
10885
26608
10813
9724
51118
51096
27340
84294
84128
65083
84135
134430
84916
9277
27042
55813
23160
155066
8992
9114
245972
55697
219681
8502
421
1501
1499
5318
5317
11187
3728
5879
55130
5910
150709
23339
9392
523
526
525
528
245973
51382
529
90423
9296
9550
534
127124
527
51606
84804
116843
6570
6571
6572
533
7419
7416
7417
7443
25852
92749
23262
9677
84317
55139
6272
57537
6653
114815
22986
64601
5786
30849
23230
54832
55187
157680
79643
91782
4599
51652
100526767
7844
84313
57590
5868
5869
5878
57403
11031
23011
53917
51160
65082
26276
51699
51028
5289
5287
5288
5286
5293
55737
11311
27072
6293
51542
27183
83473
84056
23484
54741
51510
55275
58533
254122
27131
757
23585
10467
64083
55204
27342
26130
154881
79890
23355
6418
388951
64061
23270
100289087
128854
64591
85453
7259
728395
6944
23152
51534
143187
10490
23034
55095
23174
54877
11180
83461
11030
348093
56897
9369
9379
100130698
2248
27000
9942
7514
11260
54464
22803
57002
9149
1859
28996
204851
10114
8444
8445
147746
8798
118932
8625
56311
286
288
65124
347454
2553
1031
1032
9197
113655
56996
10723
57468
9990
6560
6558
84561
51020
11212
83940
9797
128387
284486
84418
51132
64219
9867
51255
9104
51337
55646
256471
84310
9564
157567
26051
84988
7159
83715
339768
54987
285555
20
57579
79968
115207
10206
65987
146212
386618
201254
55364
84068
25769
6547
6546
6543
90850
401207
29083
22980
10404
728492
8293
55331
340485
2888
84912
9265
9796
55973
10134
22806
60314
255104
54762
57476
57655
65983
196996
9590
54814
25797
161247
51204
58495
54826
100862688
340595
203430
128989
353116
51490
55793
54629
169436
1428
285429
26094
138009
4907
140462
3955
5986
4242
8302
51552
401409
6014
6016
64081
653519
51463
51647
84191
51390
84830
5454
5456
5453
5457
5460
5459
5455
5458
3237
80856
8818
388015
23089
64006
80325
284697
23788
23787
90522
10897
81555
285525
286451
54432
78992
404037
1463
63827
145864
1462
60484
1404
115098
26151
28978
51522
81853
645843
653333
85002
90025
2822
57864
283537
113235
9325
1080
51072
728556
57189
8226
7922
57181
25800
91252
23516
55630
283375
64116
221074
81502
121665
162540
84888
6017
7274
10652
25820
10425
54467
10631
55576
7045
9844
27346
8487
4089
253980
7126
83892
348825
57143
203054
91574
253635
1793
1794
80005
1795
170506
54505
90957
1660
122402
84182
56941
81932
10243
79154
8608
159371
27294
138199
51006
22949
145482
9107
8898
9108
55613
8776
66036
4534
160418
79624
80148
9141
220064
445571
55871
150472
644019
220869
728013
653510
57003
57406
2052
79852
2053
253152
4232
84945
58489
51104
81926
26090
145447
55695
260294
79730
377841
953
956
954
112840
100885850
100885848
84959
79752
90637
54469
7763
337867
378708
57609
22982
23181
51059
26154
19
10347
57599
11070
8623
438
3396
57103
201294
83607
9949
7905
92840
221035
51308
65055
80346
11196
23259
80821
9600
51124
3204
3217
4009
4010
3223
10365
51274
155061
121340
6299
195828
27164
7528
285676
26048
79759
9753
639
348327
147687
149076
140467
51621
6591
162979
51222
55852
374882
339229
90956
60526
440400
55728
1267
90634
10443
2064
100113407
124491
375346
389125
100526772
10238
51260
125981
6992
27330
79572
84239
23400
344905
23678
6011
57217
54896
152078
93109
83452
9363
11158
285282
22931
51277
64284
51560
8934
10981
8766
9230
57111
5862
84932
5867
55647
5870
347517
84084
100861437
9609
150786
83871
7879
9367
51209
5861
81876
340146
10189
84271
400966
285190
727851
8498
202151
83443
51692
10898
642843
23144
376940
84524
23211
55759
7223
7224
7220
7222
7225
100505555
147741
93134
54811
84527
729648
197320
7584
285346
30832
10308
7699
55888
90321
127665
7544
64412
124961
285349
91392
7621
100529240
4131
348
116519
337
335
728489
22994
8882
201266
