9311
9310
9309
9313
9312
9302
9303
9320
9304
9305
23732
9306
4796
8873
8874
8872
8875
8873
8891
8891
390
389
24056
6229
390
389
24056
6230
390
389
390
389
24056
390
389
24056
9385
9386
9387
7900
18173
3355
30748
29499
6656
-
-
500
15886
4432
4433
28487
4433
4432
25755
18272
28343
25856
5000
5004
4983
11641
18196
11197
11196
11193
18122
12511
2696
6513
16469
2721
2720
16754
14987
2695
4844
16932
30907
3338
7988
7720
792
784
785
3798
3796
13718
783
16844
2345
2352
17546
3797
958
25163
28915
17546
3797
792
785
958
3798
3796
784
13718
25163
28915
84
85
2690
17715
-
FBgn0010387
11208
11810
14529
11205
28200
28160
13198
13199
4662
18830
14530
11811
28969
10717
15897
29108
21752
21088
10571
118
6115
117
118
6115
117
119
120
25621
121
92
7694
16091
15814
24723
21298
32017
32016
31665
16091
15814
32017
32016
31665
18049
26060
30931
10522
24723
144
132
145
130
143
129
37093
37094
33905
17780
33895
24027
30182
24026
24022
33893
133
33894
23822
48327
33896
33734
11531
30781
7881
7882
186
31853
1839
2419
29315
28697
28697
19373
253
16354
256
249
250
8052
257
25164
25281
21961
74
13884
73
13887
13886
14638
30
36
38
39
30546
3638
2263
3642
10990
25319
10991
10992
25319
10990
10991
10992
10991
25319
10990
10992
10987
24859
25489
16411
18119
12666
315
11237
12843
7508
19651
25082
16487
28074
16486
2720
14987
16467
16754
16924
24097
16925
2721
16469
16922
16923
10982
10983
10988
19954
29036
8907
11057
11062
29326
11061
10910
-
11061
11057
11062
29326
11060
-
11057
11062
29326
11061
11063
-
341
1189
20437
9355
21411
964
18308
24415
29488
24263
32479
27017
25090
9092
16494
16497
16495
19952
13397
2873
20147
24376
11631
4374
4373
12754
26209
26209
31749
13164
16230
18412
18413
19159
19679
18041
17080
18412
18413
25185
19159
4552
18062
23989
18062
4552
23989
404
407
402
15472
409
412
3978
402
404
407
15472
409
3978
26777
404
15472
409
407
402
405
403
3978
15472
404
407
402
409
877
26777
3978
404
402
407
15472
409
26777
3978
25193
21579
32311
30244
15505
23162
31088
32456
30881
24949
-
19358
28287
23159
32456
18294
33721
37258
23056
20266
3005
21727
23157
23161
15672
25110
23161
23157
19682
19682
17377
3013
2365
3015
20637
3016
3014
11057
11062
29326
11061
-
24824
3553
26440
27351
24679
13604
13598
21658
13601
469
470
468
2981
10987
26054
15514
14986
15514
14986
555
556
573
554
563
572
560
559
18971
575
565
13667
558
564
574
569
570
30652
562
561
554
563
565
564
30652
566
567
568
562
573
561
569
558
570
2013
571
28782
575
24077
25019
14452
19988
-
19989
19990
15713
7900
18173
3355
30748
29499
6656
-
-
500
11763
5229
25570
14885
9439
14884
12392
13667
564
17889
587
3663
6737
6738
20440
15984
9154
626
626
10966
10967
20302
18057
17989
32935
18120
16261
8495
20301
10972
10968
10963
10969
8494
10970
27034
634
633
638
637
639
7103
642
35475
636
643
640
638
634
639
7103
637
642
633
381
382
380
6230
6228
6229
71
18704
28125
11177
11178
2843
11177
11178
2843
652
654
655
658
-
32387
652
654
655
658
-
32387
659
10535
694
22042
23592
25945
693
654
652
17996
14412
28249
14404
8091
663
664
18407
11291
19679
18041
17080
692
23052
696
694
13210
31111
662
31709
25419
746
17888
17856
17929
17929
17372
168
167
16127
144
28494
169
24018
17372
170
17256
37282
38677
38683
38678
14671
160
24124
144
24025
703
704
14672
160
24124
168
167
707
38830
24483
23366
708
706
705
1725
1726
1727
29561
8550
4397
9341
6416
25931
20995
20996
24910
753
753
20123
20123
20123
20123
20123
20123
20123
20123
20123
20123
20123
20123
20123
20123
20123
20123
20123
15974
18647
2419
19373
758
18647
13533
13531
13553
13554
13552
13534
13536
13535
3706
24215
13534
13542
13543
13549
3706
13543
13542
13549
13535
13536
13553
13531
13554
13552
13534
13533
815
816
817
814
13541
13540
782
3706
13543
13542
13549
13531
13536
13553
13554
13552
13535
13534
13533
13211
29103
812
811
813
800
588
6813
32225
25471
28912
25072
11175
12558
13480
19703
18981
16254
FBgn0260945
32225
25471
25072
28912
20187
29028
12554
27266
12538
12544
20962
20790
20789
16489
16040
589
16935
4067
13291
4068
13353
6838
34390
13352
4069
22408
47
21899
26210
871
48
47
795
18803
18802
14073
799
801
13211
13816
819
800
29103
29452
799
14073
801
13816
819
800
29103
13211
9882
13211
13816
799
14073
819
800
801
29103
838
34026
7414
7415
845
842
843
841
823
830
837
840
833
14247
13213
850
882
9413
17499
30297
798
20182
17127
17128
12876
870
869
869
870
28994
18752
33
35
30
36
39
38
13887
74
13884
73
13886
25681
15679
29223
17182
15474
23471
26836
28237
19863
13447
25582
32434
28237
19863
13447
13448
11018
11018
13448
25582
32434
14679
28237
18070
19863
13447
25582
13448
32434
14679
28237
19863
13447
18070
18761
19660
18762
19659
19660
18761
18762
19659
11018
5381
5211
18985
1548
19978
32423
19977
1549
14423
4800
23238
11205
13506
22788
10824
18239
29096
24852
2897
19164
673
30259
30207
7608
11057
11062
29326
11061
-
29326
11057
11062
11061
11065
11067
11063
11066
11064
-
2530
2529
9958
13395
7545
11137
7547
7548
14603
20494
30091
32174
12950
18117
18114
18116
21100
977
976
976
977
26089
12309
1733
24224
9618
6854
6855
6860
6848
26249
978
1020
1105
1103
1104
13575
2348
3373
30520
11184
11184
1104
1105
1103
13575
2348
3373
30520
1034
81
1014
1943
17073
26545
1944
30207
26099
21030
16226
9841
31813
23664
29242
6513
16932
7660
7988
4586
1014
14130
31813
81
25824
17399
23085
23725
29293
29216
8979
25841
17102
21030
24852
16348
30207
14562
19348
19942
21090
19894
19235
2586
24314
10461
2711
26108
6890
6891
6892
14404
8091
591
13702
590
592
593
7634
14878
1059
20635
12851
12855
12849
12853
12852
12854
10773
12851
12855
12849
12853
12852
12854
10773
7675
23505
33238
1564
11573
2877
23791
18142
15480
2876
23698
1212
18143
18464
17905
18267
29363
26178
14074
18142
23791
2877
23698
1212
18143
15480
2876
18464
18267
29363
17905
26178
14074
19700
9298
30036
14946
8001
23034
21204
19701
6513
16932
7720
27049
11027
13811
11033
11029
11028
11034
11035
16438
18168
11030
4431
20751
29323
8017
1968
20681
31928
1742
4976
51
57
59
53
54
60
14640
55
14639
52
56
10062
16867
10067
26783
8851
10068
10065
744
30292
30291
14406
8766
19974
26512
19973
24170
30859
18536
9186
18697
18870
11183
25954
18537
17592
25712
2074
1148
1149
1151
9828
28261
25571
8819
30943
9873
11497
17294
9871
9872
23181
20331
9874
35202
26129
16405
29629
26333
8819
16197
16463
24246
24881
16862
16626
17428
1780
1733
24224
12841
15483
11411
19287
1781
1782
4589
24257
17067
23410
8921
24280
14234
7133
19088
29187
18541
25566
29010
18420
12766
12767
2680
13726
16098
11257
5208
30419
18349
16985
16445
4800
23238
12304
17069
20851
29114
8571
8572
8570
30418
29546
6184
6183
25463
19744
7432
21055
7434
31865
7432
21055
7434
31865
26238
29932
28107
1911
2330
2329
2328
18540
2342
1912
2328
2366
18540
1938
2329
33
27302
10445
25464
21498
30788
14379
1211
13607
30857
6217
19221
16410
15470
25881
6968
14891
16254
18981
1449
1442
1452
1445
18445
26850
11943
11944
18180
24193
7587
29823
1473
1455
2060
20407
11057
11062
29326
11061
-
9318
9317
25176
24927
17433
26065
1490
1488
24205
1491
20040
20039
2323
2323
1424
2529
13395
2530
9958
8885
8886
8887
933
934
8890
2557
19347
9944
8138
13399
8139
2244
FBgn0029502
19353
1516
1516
29565
9325
2890
16060
1100
12593
12594
17848
17847
29829
1737
1738
2933
6515
6514
15891
26518
177
24538
9251
14399
29507
1550
17341
19082
1397
1390
1391
10596
1388
10585
1393
10593
1394
1392
1395
10597
10591
10588
1389
10594
1396
10590
10583
4837
1594
1600
20569
1599
18042
14099
14254
25386
30534
19961
1613
11179
25954
10080
16827
10750
7323
26348
7729
15848
25589
16511
9164
9165
1717
7729
1717
9165
1717
9164
26348
7323
15848
25589
16511
7729
10750
33280
1719
1718
21480
9634
9636
30184
9635
1791
14311
29558
6854
4691
19699
7745
14568
6857
6858
11408
1720
1723
24222
24824
15988
20364
12659
32594
23222
12657
20884
14561
29515
12658
8855
684
3663
15607
685
3664
33829
16027
19125
21740
1724
11188
11187
9875
9876
4568
31911
9842
30279
16851
16854
9769
30281
1728
20087
1868
1866
1867
28166
1735
17179
1717
9165
9164
7729
26348
7323
15848
25589
16511
10750
33280
2879
30810
14349
1739
2551
2552
16712
13607
26383
1144
21248
9077
2154
19699
27001
11397
1736
688
17736
FBgn0010341
12666
28762
16667
27254
30443
16783
1745
15791
1744
8487
1712
24824
1723
24222
1771
1722
1772
1774
1777
1773
1729
FBgn0004106
1800
1801
1743
26063
3594
1851
4765
4764
14372
19285
8042
20278
8041
2325
26052
2324
3189
1580
25805
1579
1580
1578
1577
18709
1585
18576
1582
1583
1580
1579
18709
1578
1577
18576
1579
1580
18709
1578
1577
23434
18576
1582
25805
1583
1579
1580
1578
18709
1577
18576
24259
28359
1578
1579
1580
1577
18709
18576
1583
1578
1579
18709
1580
1577
18576
1590
5269
-
32363
28680
1917
1915
1919
1918
16816
-
25701
17432
1936
1932
8524
1933
11183
1925
34416
9529
17699
2736
15888
2737
20473
-
4818
4820
4819
4820
4818
4819
4818
4820
4819
23793
12326
7677
2932
15608
14280
24534
24634
11581
693
4383
694
6388
6319
6321
6320
6324
6323
17273
6325
1856
6322
19167
2422
2422
2422
19083
2000
24608
8592
16059
11731
6613
11732
6614
16061
6865
8590
8591
2091
2090
20154
21396
15762
2092
2093
16999
29094
21624
28447
35428
19375
20662
20663
28533
28666
1112
24304
24305
9247
12394
23700
24604
18025
29932
1875
15750
1874
18619
18620
18621
18623
2230
2232
16712
576
2232
21421
17896
2231
649
2234
2236
2237
563
26515
25819
17759
23041
25223
2243
19356
18175
28722
19693
20233
25302
19041
16812
21356
2254
2252
2253
2255
2256
26161
44424
11012
25355
11015
11013
19089
19306
11014
20303
2260
2261
2263
30546
3638
2277
2279
35239
2280
24380
20213
26801
8526
2264
28074
16486
7419
26970
28314
7421
-
7422
2269
2265
16232
2265
16232
2267
2292
28783
24447
2649
20581
20577
2641
2603
2638
17450
2637
2646
2645
23198
18857
2602
2642
2641
20583
2640
11609
17450
2644
2637
2606
13265
20244
2648
26820
2638
20575
24289
29361
17852
8630
28319
1421
20116
27442
30451
20115
16148
1843
28276
24550
19068
18272
25755
9379
11208
30690
11810
14529
11205
8111
18830
11811
14530
2431
26953
17968
18149
2459
2457
2458
1774
2457
2459
19683
2458
2460
2460
13931
17286
30750
25653
2240
16889
28381
26756
20886
326
20885
27729
20438
18435
9973
10532
23170
990
12862
1107
1108
1107
12862
1108
18541
24280
14234
7133
19088
29187
25566
29010
18420
12766
12767
2680
13726
16098
1780
1733
24224
7749
1771
1722
1772
1596
11183
11016
11017
11016
11017
10549
16850
29590
-
28005
25676
463
2553
2555
2554
2552
7001
7000
11776
18569
18570
16714
29537
9022
15764
8632
44664
13403
8633
5276
10769
25518
28118
26939
16639
29322
25556
28908
16235
24138
24844
12974
17267
29533
25989
10664
28199
26133
17893
24862
2579
29149
20610
15454
3750
26004
30377
15842
14307
16982
4810
4809
20147
24374
2570
21197
7427
19986
19986
12637
29012
12638
8127
23639
25440
6187
4169
25180
9581
9580
29002
26576
17663
9256
9255
15702
10664
9261
9260
14651
28954
12391
7833
9257
33995
24369
9253
33994
9255
9256
14651
9255
9256
10664
9261
9260
14651
28954
15702
9259
9260
9258
9848
-
9259
9253
9258
-
9255
9256
14651
2501
1550
4837
24552
4170
4172
4171
15802
12340
4174
4173
24552
29245
7513
7518
1174
16090
16089
30384
3009
3590
20823
3010
18648
16490
12562
14859
289
290
17031
19037
17847
289
290
17031
10251
19037
17883
17364
2745
2699
18700
20084
2746
2740
18677
18681
18676
20083
2735
17906
18677
2746
2740
25628
2742
18698
20082
17906
16715
18684
15594
24535
18193
24453
457
10817
14601
23030
23921
23920
1811
18184
20328
28409
28734
28998
8109
16432
29957
18714
24451
29812
24452
29812
2710
20299
12591
18961
24578
23078
1167
18011
17621
8051
8050
2932
3054
2699
2745
18700
11791
14248
2769
14236
17943
17262
20512
17943
14236
28454
25812
11284
18210
23248
16940
23252
23249
23250
23251
44367
30512
21575
9605
10582
4335
4336
4335
4336
4335
4336
2747
2734
3282
3284
17210
16718
16716
2738
16719
15861
10683
11184
11184
2869
6945
10980
10981
27653
10984
27371
31921
12518
10378
12517
12519
30551
26041
30216
24537
8740
24287
15451
3511
30217
17037
11057
11062
29326
11061
-
16410
24637
23699
24986
5228
14888
19708
327
28358
28358
2898
13544
18755
16643
16643
29678
2927
9820
9822
9817
2939
6598
6601
6600
2973
2972
29125
2974
2981
9043
30836
30550
23356
26077
17393
26655
28728
28038
28662
8829
21194
1291
25501
24948
9178
17008
13546
13544
18755
7806
3004
3003
27717
16136
24270
26979
14888
25199
30543
3005
9174
9184
9185
2983
7546
30073
9176
9173
9175
9179
9177
-
25026
23531
9228
9229
9968
29433
3008
966
28050
25613
26508
19953
17720
19953
17720
15837
11340
20085
12508
1237
12509
12510
28294
15934
28648
30021
9797
16219
10966
10967
20302
18057
17989
32935
18120
16261
8495
20301
10972
10968
10963
10969
8494
10970
24437
20675
16627
13415
1459
14585
19341
8930
6887
9408
28788
2700
17293
14568
9407
9529
18997
24437
20675
11040
14025
11041
28750
19119
8653
6936
21020
8636
30086
26014
21517
26920
2992
3078
2992
24596
15476
2955
2961
2962
2953
2941
2942
2948
2952
2946
2943
2951
2949
2950
2940
2945
18661
2861
27309
2862
24203
16989
16849
15773
15550
7370
9885
25674
15866
28862
13727
29285
25920
15531
17809
14601
23030
3149
23921
23920
1811
20154
21396
2298
2299
2297
15740
2300
2296
17245
21011
15722
34512
673
26175
10977
10978
29020
4250
4251
4260
18596
16437
26891
4259
33426
9886
3031
11115
18039
11114
21209
14350
17362
17361
15550
9885
27230
24645
9183
9181
9182
29271
9962
8756
26114
3419
24634
6638
9963
15578
11295
14862
6184
2711
6183
3189
3192
3189
3192
3200
3208
3211
3213
33437
4641
4642
3213
4199
71
4199
71
3214
30858
3214
30858
13780
29682
1258
20493
26116
28970
29155
12420
24614
3257
3258
3260
3261
3259
3254
30258
3271
7579
21605
25305
20709
10520
3280
26347
3279
3274
11150
3272
30796
26383
3270
1938
1937
24649
25575
28691
25752
15829
14415
18047
21308
26292
14418
14416
14418
14415
26292
21308
14416
18047
15829
21308
26292
14416
14415
14418
15829
18047
1469
1470
14568
11617
-
-
11620
24617
33511
-
31007
30771
18248
5959
20696
1171
30617
28957
28963
23999
28032
28430
4195
23302
4922
4925
4923
16996
33945
24253
17291
24251
28889
21354
6631
6632
6631
6632
16986
25986
3419
24634
3243
3663
3350
3353
3354
14341
31670
3350
3353
3354
14341
31670
24599
1157
23186
21604
18235
18639
26352
21604
18639
21604
23186
18235
26352
18639
21604
23186
18235
26352
21604
18639
25015
11394
19977
19978
17964
18399
19979
25832
28326
12799
19876
24543
24718
15487
8548
21073
29361
24289
17852
15519
-
25588
26439
12827
6305
6304
6306
3477
18475
20341
20712
18474
18471
18472
20713
19158
17916
32962
28654
18459
18470
20750
11279
4621
4622
4834
6518
11863
2860
13398
35414
29834
5217
5218
18324
5215
12799
28120
1187
8157
10547
1334
10545
2637
2603
11609
2642
20575
20581
20577
11863
6518
2860
19068
28276
6708
20090
24986
16235
24138
24844
28889
17291
24251
33945
24253
28331
13280
14355
22301
24878
22301
24878
24878
22301
28889
17291
24251
33945
24253
22301
28331
16996
17291
24251
28889
28331
33945
3353
3350
3354
14341
31670
3353
3350
3354
14341
31670
3353
3350
3354
14341
31670
3353
3350
3354
14341
31670
3353
3350
3354
14341
31670
2518
FBgn0039045
19431
25013
28744
26802
25013
19431
28744
26802
11476
4236
15927
29205
30208
30208
29205
4236
5275
17933
17016
17582
13013
6430
15898
17369
16856
23094
10928
10926
23093
31037
10924
10925
17027
10922
16270
26417
10927
10923
23520
8988
3481
3482
3483
1099
19691
16919
2419
19373
29315
4606
30167
8548
27338
14180
26495
24718
3511
26115
24659
23214
3606
3607
8874
8872
8873
8875
23785
29334
20760
19761
20756
6775
1116
29622
3554
2754
25891
32389
23238
24671
253
249
250
256
252
255
251
21377
18683
3282
3284
7803
18726
18899
16643
25916
22209
11424
15720
26570
15721
27288
26101
30931
18049
26060
10522
32016
31665
11000
10995
10996
10998
10999
10997
3599
35458
24013
20220
6047
2498
26936
3629
4570
21172
10933
3650
26881
2295
30477
4866
2295
30477
4866
24624
24989
6036
23480
21399
12765
5281
22197
3811
14077
16873
21998
16800
15582
7514
14362
7517
7516
12726
7512
8516
6528
9091
9090
21689
19124
3718
18625
3723
18624
3725
18169
3721
3719
23397
3722
3724
18169
3719
3722
3724
3711
3712
21376
3722
3719
3721
3720
6036
3804
23480
3803
3811
3816
32448
3800
3801
18521
5022
3806
5021
3805
23315
3799
3817
23762
24813
22197
1928
6036
3804
23480
3803
3811
3816
32448
3800
3801
18521
5022
3806
5021
3805
23315
3799
3817
23762
24813
22197
1928
21998
16800
15582
7514
14362
7517
7516
12726
7512
8516
21998
16800
15582
7514
14362
7517
7516
12726
7512
8516
21998
16800
15582
7514
14362
7517
7516
12726
7512
8516
10966
10967
20302
18057
17989
32935
18120
16261
8495
20301
10972
10968
10963
10969
8494
10970
29683
4053
11125
3773
3770
3769
3771
3772
24024
20957
30457
17466
9225
23087
21683
28261
-
21097
28108
14169
24252
25318
16637
28960
29079
6834
20837
21577
15862
6833
29666
3978
3782
3785
42960
20099
26989
3824
3824
3824
5213
10606
16211
18572
17346
6515
6514
37832
10251
18593
19037
48354
10810
13900
3631
636
16029
643
640
-
638
637
29488
32479
24415
24263
12822
12823
3951
10680
3062
13273
3062
13273
7889
14874
6465
9377
13538
16073
16085
16087
16086
16088
24203
2862
24203
2862
24203
2862
7437
44655
11003
23096
11004
30781
18398
3700
6871
6877
6878
6879
6880
29858
19338
1736
80
29242
23664
7660
19404
13731
25850
26181
25005
14536
3240
3238
3241
15830
3239
11811
11207
8111
16857
23025
25226
23226
20725
30946
12902
12926
12916
20877
12917
13502
12904
26138
13145
20649
13498
13001
23708
24605
13141
13019
16759
30487
20636
12879
20994
26421
26337
13045
20811
13059
28632
25173
20814
13018
13061
13146
12991
28167
31106
12981
28854
18316
12996
4929
25331
32033
17801
11628
25949
27611
12796
12997
25352
13044
29008
26758
12975
25879
24750
28068
27603
13096
23717
-
13097
23705
12970
13150
23640
13078
12880
26420
12948
14003
25108
25342
13017
12918
33110
26432
20648
11810
14530
18830
18262
24864
4141
24864
4141
4141
24864
10648
12840
4057
4795
4458
23
4446
14942
9293
9294
9291
14943
14945
4116
17729
20324
24063
4119
4118
20566
13812
11011
4119
4118
7881
7882
21096
12363
9379
9378
4135
11062
11057
11061
29326
11060
11059
-
14264
4173
4172
4170
4171
15802
4174
12340
21020
8849
4396
4398
20731
4400
4401
29141
26587
4399
21421
17940
5046
3312
3314
3313
2550
11967
2549
3315
10780
4193
4199
19687
24921
9437
3255
6206
6204
6205
8638
4201
3581
1840
963
962
72
70
9605
10582
15852
4208
4313
473
382
381
380
388
385
384
23437
386
387
37281
3367
3368
14573
19745
26957
321
4226
4227
1940
1941
678
679
680
9605
10582
30760
4181
19093
9507
19096
19092
16500
4181
15853
19093
9507
19096
19092
16500
2021
2023
2022
2025
2024
21169
21168
28473
12790
21690
752
4242
4241
9238
17079
17842
16064
11984
11982
11357
11983
17842
16064
17079
11984
11982
11357
11983
19954
10985
26054
4249
21208
13613
28453
15857
18994
11405
11399
7748
7744
30809
16891
16228
21373
29165
30598
6897
19825
16870
9377
9376
9294
9293
14942
14943
14944
9291
14945
13164
31749
20993
29136
22978
37098
17071
25498
11115
9288
4315
9828
1151
4699
4700
4699
4700
4180
4172
4170
4174
4173
4171
15802
12340
4341
4805
9153
14177
23287
4805
9153
14177
23287
661
13504
4289
4291
28635
16065
4330
20667
4330
16065
20667
15987
16065
4330
16065
4330
20134
15987
4330
16065
20667
3012
3642
4138
4139
4065
7043
-
10856
9411
23026
10852
10850
10850
10852
2295
16046
31723
20800
20799
31723
20799
20800
19980
29326
11057
11062
11061
11065
11067
11063
11066
11064
-
31367
4570
8923
4430
20175
24766
4385
4389
4384
4394
22800
4395
4393
4382
4387
4392
4388
4390
4379
4394
22800
4389
4395
4385
4384
4383
4390
4379
4382
4393
4380
4381
4387
22194
4455
28956
4455
28956
4456
8959
8962
4021
8966
23215
18858
14937
8964
14938
26031
3046
8960
14135
8957
25985
8965
9472
25513
30186
7670
2995
4559
33100
4556
4557
4555
4554
4558
4553
4559
33100
4556
4557
4555
4554
4558
4553
4556
4559
33100
4557
4555
4554
4558
4553
26265
16999
388
381
380
385
384
386
387
382
23437
37281
20846
33276
3748
17500
16769
5238
5234
5241
5235
5232
5233
5239
5244
11375
19696
21060
13598
24679
28155
21658
13604
13605
14150
28624
13601
27281
4311
4624
4623
12437
18155
20667
9846
14263
21631
9846
14263
21631
11369
4641
4642
13312
23064
4643
13390
19901
16963
6014
19902
19903
24097
16925
25082
16924
19651
4378
4212
25799
25789
18270
13242
13242
18270
23213
30464
3501
29082
11578
29246
19165
28104
24663
17155
1309
21602
8092
25571
19166
24715
29097
21710
17791
25228
29183
29164
23609
20310
24510
18026
20310
24510
23609
26858
29097
24715
21710
25228
17791
24889
16858
30206
29860
24702
34423
19031
28745
30708
27011
18257
29183
18026
3501
30464
19165
29082
11578
29246
24663
17155
25571
19166
16133
28261
25699
25694
29410
29026
28356
8092
28536
4706
4707
4706
4707
4173
4172
4170
4174
4171
15802
12340
4719
4714
4718
4716
4715
4717
18463
4720
24790
4722
24973
4739
4737
20508
4733
20507
4734
29668
13671
4724
18729
4738
4727
14456
4735
4725
4726
4736
4730
4729
22516
4767
18298
14455
4740
14453
4732
4739
4737
20508
20507
4733
4727
4734
13671
18729
29668
4724
4738
14456
4725
4730
4735
4726
4736
4729
22516
4767
4790
4781
4782
4788
20510
4789
4787
4794
29607
4785
4791
4793
4783
4784
14455
4740
18298
14453
4732
20664
4741
13954
4748
4755
4747
4758
4750
18730
4751
4757
20514
4760
4761
24700
4753
4746
4756
4752
4749
27252
27867
20517
4762
4750
18730
4751
13954
4748
4757
4755
20514
4747
4758
4753
4746
4756
4752
4749
4760
4761
24700
27252
27867
20517
4762
4765
4764
4773
33164
25311
4778
4768
20503
4776
4766
4769
4775
4774
20505
4771
4767
4764
4765
33164
4768
4773
20503
4776
4766
4769
4775
4774
20505
4771
4778
4767
25311
29607
4793
4783
4789
4787
4785
4791
4782
20510
4784
4794
4790
4788
4781
4792
4793
4783
4789
4787
4785
4791
4782
4784
4794
4790
29607
20510
4788
4781
4792
12401
18994
10432
13326
12401
4689
30410
18994
10432
13326
7805
13546
7804
7806
18755
13544
4821
FBgn0028387
9890
9887
17440
2741
4834
4670
4621
4622
9234
1189
20437
3817
3819
3821
3804
3811
3805
3735
1092
3818
23315
23480
3799
3816
6036
24814
7139
18523
5023
31986
18521
3808
3815
3810
32448
3814
18522
3800
3803
3801
5022
3809
3806
5021
20951
24813
5542
29513
16878
7200
14064
18128
14063
14068
14067
14065
8651
8648
8647
5044
8652
397
396
4188
395
4982
12592
2321
3647
16392
16386
403
405
411
410
84
85
30631
20193
32323
24161
4908
11062
11057
11061
29326
11060
-
4916
4916
27012
11573
12309
26089
24087
21998
16800
15582
7514
14362
7517
7516
12726
7512
8516
14891
25881
28429
24581
29157
5228
14888
23699
6968
5007
5008
5006
5006
16897
5001
12593
11290
12594
7105
11753
11645
6913
5225
23950
5227
26862
5224
18568
32701
29603
5187
5188
30163
5186
18241
23393
5014
5013
4912
18344
18468
3701
3701
7828
6876
6873
6875
6874
6881
6886
6872
11411
19338
17928
28383
25245
952
7618
17870
25259
14947
7619
33530
23575
29570
7801
21316
29135
25408
493
33843
16813
23527
21359
5005
4852
19086
13315
4852
19086
4854
21359
5005
14064
23160
27992
10540
27992
23160
10540
21998
16800
15582
7514
14362
7517
7516
12726
7512
8516
28793
17940
3312
5046
3314
3313
2550
11967
2549
3315
10787
10791
10780
20738
17023
463
20853
10717
15897
29108
28969
12446
11724
3387
19296
3388
3389
3385
3392
19987
3393
3386
11809
3395
3396
3390
3391
3394
172
5033
24941
2683
5030
5031
18585
7330
5034
5036
5037
15923
27067
2451
2453
2452
20289
11731
2455
2454
2456
13588
30664
3282
3284
5253
5258
12028
32538
5259
32536
12099
11357
11358
11984
11982
11983
4566
10831
10832
10830
4897
17079
10771
27989
31852
9904
9897
16461
19840
5224
5225
5227
23950
29603
26862
18994
11405
11399
7748
7744
30809
16891
16228
21373
-
30598
30410
19825
14968
15473
11401
9377
9376
10894
3573
5261
5241
5233
5235
5239
5232
5234
5238
5234
5235
5241
5239
5233
5232
5238
5241
5233
5239
5235
5232
5234
5238
5235
5241
5239
5234
5232
5238
5233
5235
5241
5239
5233
5232
5234
5238
16969
17041
5237
16931
30664
5244
5241
5235
5239
29526
5234
5238
5232
5233
5244
5237
16969
17041
16931
5244
5253
5258
12028
16264
32538
5259
32536
12099
14931
10886
14935
14931
10886
14929
14932
14933
14934
14935
14929
14931
10886
25072
28912
32225
25471
28911
13478
16803
13736
26736
12496
24521
4876
-
26072
30457
20798
16872
21601
4922
4195
23302
4923
4925
4922
23302
4195
4925
4923
11006
13812
11011
13812
11011
11011
13812
10967
13812
11011
13812
11011
13812
11011
13812
11011
13445
13812
11011
28433
13812
11011
13446
11007
11009
11006
18301
11005
11010
14239
17989
13812
11011
13812
11011
4922
23302
4195
4923
4925
11006
13812
11011
25417
13812
11011
16874
13812
11011
13812
11011
17989
13812
11011
20292
20290
27269
6059
27696
28052
9928
8840
20154
21396
5385
5386
5384
5383
5382
5382
5383
5382
5383
5387
23487
26994
3250
3252
-
3265
3266
7441
3267
-
30793
2582
2583
3285
12741
3298
3296
3297
24030
3296
3298
3297
24030
3287
33179
32428
3293
31837
3282
3284
2734
3282
3284
3301
3300
17419
3300
3301
17419
3299
6159
16967
3360
16967
3360
9437
17856
6041
6399
6398
6394
6397
6396
21839
6395
11215
11025
11026
11025
11026
6401
19998
6400
6402
19426
6402
9851
19425
6400
6402
6052
6053
4376
4377
6052
6053
4377
4376
6052
6053
4376
4377
21219
6816
9833
1176
6481
6492
6484
31922
15947
26323
1737
17072
2711
17563
18423
23695
3087
3084
3086
26595
23704
18657
16407
14598
14497
30856
26317
6050
6051
6050
6051
26019
29821
24295
26183
29534
22211
6080
21474
10820
30416
11503
11504
6077
8108
21474
11503
11504
6077
8108
21474
26956
6077
8108
11504
11503
21474
18222
-
21095
-
4856
9527
25988
17956
28559
11391
11390
11393
17209
18360
17313
17269
20739
9226
28883
28883
9226
6111
6110
20669
2157
11554
2156
2155
29868
11553
7765
20331
9872
6111
7770
7765
17294
9874
11497
9873
9871
7770
19336
17615
20147
4861
26956
2898
29517
23168
17098
16942
3449
6184
557
3419
24634
19857
28660
11121
21365
7199
7749
13386
28977
24282
-
17086
2484
29329
27337
31677
23837
21625
25519
25240
20679
14004
29882
29882
42969
29201
19983
11097
11101
1916
11101
11097
960
961
6176
15956
11009
11007
11005
18067
13444
13812
15956
13812
11009
11007
11005
18067
13444
10058
13432
20457
21578
26886
25807
12511
11201
16421
11192
11741
18196
11197
11196
11193
18122
25467
5178
24041
24040
26386
30130
24041
26386
30131
15708
29645
23146
24040
24041
30130
26386
28913
30130
24041
26979
13606
13610
20672
22224
8920
25300
9886
11114
18039
11115
6196
27030
25591
25971
5958
20090
34187
9439
16235
24138
24844
2712
21015
7670
8878
8877
8876
8877
8878
8876
16853
20628
17376
363
-
33814
26526
362
26526
11542
18028
23075
9380
9382
9381
10436
9416
9441
9414
9381
9380
9382
9441
9414
9416
9399
9410
9382
9380
9381
9441
10430
9414
9416
11393
11391
9391
9392
9390
9388
9416
9414
8604
8603
29330
6389
6326
6321
6320
29530
6390
4312
380
2455
2454
2456
20289
2451
2455
2454
2456
20289
2451
2455
2454
2456
19140
20289
2451
19341
13415
14585
1459
9529
1464
28788
8931
11395
18997
1462
1461
1463
1460
14568
14585
13415
19341
1459
9529
1464
1462
28788
18997
2700
1461
1463
1460
14568
11405
18994
11399
7744
7748
16228
30809
21373
16891
13326
19825
9377
9376
18360
17269
17313
20739
18170
361
365
6880
19683
6871
6877
6742
20704
4839
25272
24972
29249
16896
18644
19836
20231
28489
7578
25272
4839
6742
24972
20704
29249
16896
16386
16397
16395
16396
16392
20704
16896
6742
4839
25272
24972
29249
19836
20231
28489
29507
14399
9251
8748
8744
8743
8569
8568
8746
8747
20910
4693
19138
21964
18167
26542
7219
7220
2901
18669
2902
7533
1937
1938
24649
25575
-
11404
11403
30765
17565
6866
8508
30172
13205
17717
8590
11406
8592
8591
1778
1770
21420
1729
1781
15483
1782
16891
13538
21680
16870
7745
13386
7749
13387
11399
18592
18591
13538
3332
6897
6896
19679
29165
3236
13326
14968
30410
19825
16870
11401
15473
21680
7530
19037
6515
6514
19034
19036
18593
48354
10810
13900
14405
14566
16636
6323
6325
21202
16666
6318
29443
19916
1856
6393
16870
13538
6896
3332
11809
13326
14968
30410
19825
11401
15473
6897
6388
6319
6322
28330
-
30187
29441
27102
26735
6321
21495
12401
13326
6381
30287
13659
2069
2071
2068
17346
9262
9401
9403
9406
9410
9393
9395
9399
9405
17999
9402
9412
9404
391
392
-
393
9465
9467
9466
9465
9462
9466
9463
9467
9465
9462
9463
9466
9467
9465
9462
9463
9466
9467
9465
9462
9463
9020
9021
9021
9020
16651
29830
7679
15663
15664
25769
5176
7744
6871
6877
6878
6879
6880
11724
29858
3061
27015
25160
4055
12833
6469
20276
29273
23826
23749
14076
23752
23747
14253
16855
20568
28371
14076
23826
23749
20568
23752
14253
23747
16855
28371
12731
12735
19767
12736
22004
30923
25726
11277
11278
16253
11240
18859
19256
21699
21869
18859
11240
19256
21869
21699
3571
3570
16526
3569
16496
3571
3570
3569
16526
16496
16526
3569
16496
29567
24174
3571
3570
3571
3570
29567
16526
3569
16496
17557
17558
26754
20271
15486
9813
7112
7113
7115
7114
16667
27254
30443
30401
20164
5384
10986
28380
20662
19375
20663
30557
118
4323
16732
11316
24012
24912
16931
5238
1656
16429
37216
8574
6710
10078
10079
1361
9479
20598
13785
29569
9228
9229
23531
25026
-
9230
-
-
-
17038
11767
9718
15783
25509
2897
676
-
19164
19161
26388
6679
15782
29911
4563
4566
8571
12304
17069
30418
8572
29546
6184
25463
8570
20851
6183
4562
23990
13867
29546
8571
12304
17069
30418
8572
8570
6184
20851
6183
25463
30031
18215
25155
25652
4413
26407
13940
20472
17874
11163
11159
17259
17162
17017
11162
20470
17874
20471
27310
24825
11188
9875
4568
11187
16854
9876
17175
13082
21173
19989
6723
24309
21608
44671
25512
24152
30559
11057
11062
29326
11061
11067
-
5384
5382
26222
14423
21524
5210
4021
32423
24547
25531
23993
17366
118
6115
117
17366
14235
23703
6762
19884
6763
6764
1149
1148
24966
20882
10055
25358
13703
24218
11025
11026
11025
11026
13266
11025
11026
11025
11026
11025
11026
11025
11026
11025
11026
1243
103
105
102
104
6827
6825
6826
6824
6983
6984
6985
15789
32583
16672
8550
14884
14885
5229
14889
39341
3164
7427
7419
7427
7419
7427
24470
8967
10073
3066
10075
18718
17553
18717
26971
18718
17553
18717
26971
26417
10923
23520
17027
10925
10924
23094
31037
10927
23093
10928
10922
10926
16270
10927
17027
23094
31037
10923
23093
10924
10928
10925
23520
10926
17027
10923
23520
26417
23094
31037
23093
10924
10928
10922
10925
10926
16270
3449
19683
4617
4616
18043
11291
6945
6947
16147
6944
21484
6949
6948
6950
FBgn0020633
32220
25128
13397
24376
2873
2088
9379
1249
6971
6971
6970
6971
6544
6535
28335
30528
20325
11808
41
49
44
4937
50
43
41
49
44
4937
50
43
48
21335
21883
14977
20073
16154
48354
14978
21533
16315
14980
30390
23326
10439
21532
30542
7739
26937
6556
14648
24241
18302
19874
29249
22194
12505
32309
13339
19349
18632
31406
31928
20681
14379
1211
17956
28760
32687
2370
11473
24260
19970
2378
29826
7590
27972
16243
8930
8931
14581
2675
16901
2674
11396
2676
11395
18140
14572
18140
9208
7473
13824
2501
26019
958
25163
28915
12340
8525
11208
24172
15950
11208
24172
1144
16712
13607
28020
26383
13608
20456
12886
8603
8604
2501
2501
6904
6903
6904
6903
2501
2501
8071
8073
8075
8072
23984
8074
5224
5227
5225
23950
26862
18568
32701
29603
3126
19087
29278
15667
28781
39551
17038
7059
8140
2972
29125
2974
30897
16185
1048
7468
1047
26467
17840
21645
15559
1802
9234
21661
1854
12933
13075
28510
4318
4319
29525
4317
12796
20393
12874
3238
29450
20322
12873
12872
3238
12933
13075
16857
28495
12796
3240
3241
3239
12949
16857
12796
29025
8556
8554
10771
15797
13629
31955
8557
18646
5212
16475
18281
6845
6842
6840
8890
8887
2530
934
2529
9958
13395
6845
6847
6842
6840
7582
29823
7585
7587
7584
26864
15754
21719
29824
7583
29827
16701
18445
9122
9121
9130
7127
7128
9130
12017
29021
33765
4427
1856
1857
4429
12017
33765
4427
1856
1857
4429
16897
25676
29326
11057
11062
11061
11065
11067
11063
11066
11064
-
12495
33521
12494
16735
1329
24965
24839
8788
25541
1329
6823
19080
6822
6821
18967
16787
15877
16078
10378
6823
6822
19080
6821
29801
23825
29802
16015
29800
24904
29802
24904
29801
16015
20286
17679
18328
12845
18326
18329
18327
28207
25020
29177
32068
17307
25249
11102
9046
15940
25610
24515
21617
29972
30168
24637
21073
24811
10989
4606
9889
24515
21606
22932
22923
10972
1725
1726
1727
23168
29517
17098
19102
18873
7216
7213
9119
12585
18667
12586
12401
11842
11841
14958
14957
15867
31675
26465
30626
29098
7667
7230
4616
4617
5467
17575
26202
16352
17136
17906
3282
3284
29786
23472
18477
29786
23472
13785
28480
3054
18992
21998
16800
15582
7514
14362
7517
7516
12726
7512
8516
20310
24510
25228
23609
29097
24715
21710
17791
24702
34423
19031
28745
30708
26858
27011
18257
29183
18026
2741
404
412
19089
19306
19305
11012
25355
20303
30581
3072
17909
3070
3064
11447
18484
30580
3074
3065
17007
3073
3076
33237
3071
3069
7326
7327
7329
7327
7326
7328
7325
7329
20852
23686
25706
9890
9887
11151
11155
9900
10545
1334
1907
17675
25903
11207
11209
14529
3238
3241
14536
11811
15830
3240
8111
3239
12869
13998
14000
3498
11207
11209
14529
3238
3241
14536
11811
15830
3240
8111
3239
13998
14000
3498
7377
8994
8996
8998
8997
8995
23786
28711
23733
14880
10852
8624
7413
7394
7405
7397
7399
7398
14296
7394
7405
7397
7399
7398
14296
7434
31865
7432
21055
17037
32159
16239
25106
-
7436
7436
20219
1802
9234
21661
29267
29680
24279
26054
28469
17581
30576
19261
16021
24923
24923
16021
17103
16853
19055
18734
26429
25942
24967
25481
16800
15582
29245
7510
21998
7514
14362
7517
7516
12726
7512
8516
23156
31922
20886
28985
11067
11065
11063
11066
11064
11059
23092
11058
29326
11057
11060
11062
11061
11058
23092
11067
11059
11065
11063
11066
11064
11057
29326
11060
11062
11061
29814
7529
14972
14971
14980
14976
11174
17061
27375
14133
7568
7569
7579
31073
23212
15906
7574
7567
7578
7573
7572
7571
7576
7597
31104
7599
7603
7577
7604
7602
7604
7603
7602
7598
7593
26234
7594
7599
7605
7574
7577
7571
7579
7568
15906
7567
7569
7573
7578
31073
23212
7576
7572
7603
7604
7602
7605
7593
26234
7594
7574
7577
7571
7579
7568
15906
7567
7569
7573
7578
31073
23212
7576
7572
7600
7599
7598
29822
26234
7594
7595
7596
13880
7597
13879
7600
7599
7598
29822
26234
7594
7595
7596
13880
7597
13879
28072
25783
24340
28212
19844
28125
20509
5035
30626
8013
30291
7563
30292
3154
15921
27036
29295
7629
23290
22196
24688
30547
1125
1128
30547
1125
1128
9755
29832
25126
17996
30813
11804
11802
20881
9962
30021
25654
16878
7201
7200
29271
29513
7640
7637
7638
7639
31706
19968
14179
29916
30782
26164
25845
15908
28346
16102
29533
19844
12974
17267
10831
10832
10834
10833
10830
17650
14972
19245
28468
14973
8041
20278
8042
3019
24376
13397
2873
20147
7658
7659
10783
31795
3274
3017
25994
31802
9208
7872
7873
7876
7473
3953
15523
15521
15522
5144
5145
30083
7655
12722
18212
9937
16909
13232
1985
25931
21411
26398
29838
7849
33531
7851
7850
20461
2754
31358
7852
19085
17077
21614
16912
1557
71
15910
18161
59
60
66
14640
55
14639
57
52
53
54
51
56
16287
18042
25386
25386
14254
19422
29612
30813
11804
11802
20881
30855
25386
14254
18042
5004
4983
5000
39319
5002
5001
24954
11193
18988
11327
4983
5004
5000
39319
5002
5001
24954
11193
18988
11327
14377
11741
14422
20653
11079
17123
20728
11078
11073
28958
24328
24314
10461
2586
2711
24238
26108
7828
3701
29878
29878
7828
23114
19889
576
11726
23745
6217
17877
20989
16789
9476
30406
14348
26909
17877
20989
16789
17854
24250
9852
9853
7857
7858
17224
42953
25576
18453
24785
33717
26988
32221
20352
24936
28368
41948
30476
28739
24517
29540
24034
28461
21535
25862
29925
14378
28965
2484
17086
20155
15923
16860
17838
20495
16821
4333
10791
10788
10786
17886
7871
20320
10774
10787
10780
10789
10785
11547
3508
4010
21863
7867
26208
31802
23529
26934
15911
29926
23387
19826
7878
7880
7879
7877
7879
17030
29380
7897
7898
9586
9585
26392
21345
13717
23409
3356
3358
3359
23764
3357
13756
13717
3359
23764
3356
3358
23409
3357
13756
12446
11724
3387
19296
3388
3389
3385
3392
19987
3393
3386
11809
3395
3396
3390
3391
3394
24969
18261
14124
18826
18827
19304
20959
12930
23025
6350
6349
26057
17871
7193
15938
12930
23025
6350
23328
25529
30300
30728
29897
26513
24092
31909
6802
6813
19340
6806
6810
6808
6801
6809
24935
17418
23796
13574
6798
6796
7677
25377
28515
6797
7675
29639
6807
6800
6811
6799
21188
-
23795
24934
23798
-
23793
16353
6812
12326
8788
20452
20452
25935
32961
8066
25960
8068
20261
1190
8062
7667
5036
10080
1982
11571
5034
5037
11386
9235
12706
24768
16268
13722
-
15913
30291
18151
8028
23373
31932
14255
14256
1102
30027
22982
22984
7138
16063
8028
8068
8066
20261
20291
13973
8064
19702
34005
8068
17359
8066
20261
20291
13973
8064
19702
34005
8063
8064
20261
8068
8066
20261
18658
8063
18016
3346
3347
30539
11086
1858
16982
1856
12305
14621
29931
25553
25733
8062
8066
25960
8064
19702
34005
32418
32416
32419
9847
-
23218
17359
20261
8068
15608
29797
29914
8734
20261
8068
17359
8066
11486
12643
12642
12646
12644
31921
27653
27371
10981
10984
10980
29612
8091
14411
31894
14411
10985
8124
25590
23537
2911
2912
2896
21350
2698
8807
8806
986
8808
987
2896
21350
8125
28833
29661
24550
28276
8149
26938
8489
8488
8487
1744
8490
8491
16037
16038
16036
16038
16037
16036
17851
22921
10985
30451
20115
20116
25222
16994
8504
8503
15761
16398
14338
16396
16370
16387
16388
8504
8503
15761
16398
2205
16396
16370
16387
16388
8503
16387
16370
8504
15761
16398
16388
16386
16396
16395
16397
16392
10680
16396
16386
16395
16397
16392
2664
10381
20561
20788
28880
30242
30242
28880
1164
2728
10382
8512
24281
32312
25035
8526
26801
16112
15822
21081
29325
25846
9721
30262
6552
19
8554
13629
31955
8556
15797
8557
13427
9907
9909
3312
3315
31852
5046
11582
28115
1424
2963
2964
17514
28296
26252
18744
2954
17908
1123
25459
14451
13345
14450
8766
14406
19974
19973
26512
9963
29111
15578
6184
20074
29991
4053
11125
19365
15894
8598
19366
16705
30758
14981
15970
14982
26721
33630
5227
31326
10555
26046
8648
8647
8651
8652
5044
7886
7887
4005
28867
6844
6846
6842
6840
6847
6845
6843
26058
2492
24198
8054
8055
30097
12307
25220
25220
25220
25220
25220
23354
26868
8729
18253
8754
8755
17163
6522
17856
18335
18332
1852
6200
18336
18331
14523
18333
18334
18800
17856
17856
8794
8793
8795
8781
8775
8791
8784
8773
8792
8548
4606
30167
27338
14180
26495
24718
24637
8811
8810
8809
8812
16902
16902
8812
8811
8810
8809
25415
9279
30263
18157
16114
23046
13887
33
35
30
36
39
38
13886
74
13884
73
73
33
35
30
36
39
38
13887
74
13884
73
74
13884
33
35
30
36
39
38
13887
74
33
35
30
36
39
38
13887
13884
73
13884
74
73
33
35
30
36
39
38
13887
73
33
35
30
36
39
38
13887
74
13884
13886
20418
29088
30260
6387
20492
30009
15990
11292
8765
1479
1481
16663
1486
8830
11442
11430
26437
11431
11433
11432
14583
15972
28119
12711
3044
20759
13180
23719
8554
8557
8556
15797
13629
31955
8848
20661
8852
8853
20208
8855
20364
12657
12659
12658
20884
32594
23222
14561
29515
684
8856
8851
26783
16867
10067
10062
10068
10065
8854
9713
9717
8858
9719
30024
8850
8860
20749
20342
18469
18470
19159
20750
19160
20749
20714
18469
20342
18459
8859
8867
12662
8868
20749
18469
20342
18470
19159
28654
20750
18471
18459
20713
8869
4926
8866
25651
9338
9340
9339
9337
2873
13397
24376
20147
20883
29644
28638
8896
8898
8905
8908
8905
8908
8906
20898
30029
8895
9796
9795
30449
9796
8895
8912
28192
30306
8912
29118
23787
17735
17055
30670
16874
20566
10971
25417
20302
29867
17989
10972
10968
8494
10969
10970
27034
14587
6062
19423
19421
6063
9802
3381
10947
10946
1350
26957
9555
14430
10917
23089
10916
10917
23089
14430
10916
15827
8620
22958
10853
37266
5119
15710
4613
4612
28838
19026
2067
20767
37265
9004
21735
9006
38689
10854
21338
7838
9005
450
9142
2914
2917
25220
14430
10917
23089
10916
15827
1774
1771
8751
1722
8750
8749
14434
1777
8883
1772
9639
9640
24175
20920
2385
2384
9723
9726
9725
24474
8646
20757
20756
14673
6775
19761
23785
29334
20756
10989
9293
14942
9294
9291
9294
14942
9293
14943
14944
9291
14945
26220
26075
20188
25210
8984
4566
4563
10831
11358
10832
11357
10830
14565
30907
-
24098
23990
13867
1769
8816
19035
19037
19036
19034
8816
19035
19037
19036
19034
-
8816
1738
10251
29829
1737
10252
-
27396
30038
24791
9035
9037
34449
9036
27396
30038
24791
9035
9037
34449
9036
30038
27396
24791
9035
9037
34449
9036
9062
9065
9060
9064
9066
9061
29037
9059
29185
19218
17175
9055
15917
9056
9063
24110
25771
29524
28860
8759
-
8770
24110
390
389
325
324
801
29103
13211
22194
799
29103
13211
8888
8889
21731
1093
8889
8888
1093
21731
-
8889
21731
8888
1093
7104
25396
30587
9115
9114
19743
9202
19743
9202
FBgn0003292
19743
19743
10676
10675
10675
19743
10676
9202
19743
10675
10676
9122
9121
9130
9128
17646
32790
8909
30259
4179
7827
30042
25364
7892
7413
17292
28524
13941
18798
28689
11327
20161
18988
16095
11972
24929
1237
9181
27230
24645
9183
9182
6257
30129
30081
14101
9207
17689
29831
9323
9281
9283
9282
9299
9300
9319
9299
9300
9319
9243
9299
9319
9300
9314
9315
9316
9315
9314
9316
19322
9275
19388
15566
25415
9278
30263
9279
9277
9275
9278
19322
19388
26845
9276
30695
9278
9275
26845
9276
19322
19388
9319
20219
29267
7102
7102
7102
7102
7102
122
438
439
441
437
25686
9257
21557
20267
7833
14650
30178
21416
17389
11120
9280
9281
21156
3074
3072
3070
17909
3065
3064
30581
30580
17007
18484
3073
28161
3068
3076
33237
3071
9322
9244
9243
13420
25209
9281
9281
9794
9370
9369
19679
18041
17080
21998
16800
15582
7514
14362
7517
7516
12726
7512
8516
9722
9722
31103
8881
10766
17350
21064
2230
17896
17101
17349
11587
19221
17351
10765
10790
16860
2749
2739
2738
18018
16718
17211
15446
17211
2749
2739
2738
17348
17347
18674
25360
25031
16463
23533
15630
20314
20314
16696
9089
23225
6217
2483
17896
32672
4401
2738
20410
16717
15861
2749
2739
17211
17349
23745
26383
26999
25464
2739
16716
16719
2749
2738
17211
15860
18681
10767
26643
17340
33904
12446
11724
3387
19296
3388
3389
3385
3392
19987
3393
3386
11809
3395
3396
3390
3391
3394
11773
30410
13326
18608
29165
9399
14968
30410
3332
19825
11401
9553
9547
9549
24007
25567
9548
9551
9552
28149
20001
11793
16058
16753
9354
9353
9352
17169
18007
28592
28392
17001
16904
16249
8946
12024
18007
28592
28392
17001
8946
16904
16249
18206
25248
18007
23282
18206
25248
304
21245
28392
9535
9531
9533
22985
9536
9534
9530
9532
9543
9546
9544
9538
9542
9545
31963
9540
9541
9537
9539
9555
24470
495
6040
25310
25259
15819
17183
25185
16398
8999
28980
15579
10064
15974
12932
18736
25851
24575
17270
19310
8987
8986
17270
19310
8987
8986
9567
17660
17641
17642
16890
17077
21614
26936
16890
17077
21614
26936
-
40045
10484
33848
22935
8740
15919
24265
27039
30410
3332
7525
30410
3332
24522
25913
9679
9669
9647
9659
9659
9308
9685
23423
23422
9673
9665
9679
9678
9658
9671
9650
9642
9668
9670
9681
9644
9683
9675
9646
9651
9655
28572
9666
9659
9669
9647
9674
9308
10920
10921
23090
33455
18068
11804
11802
20155
15923
17042
30813
28117
23156
14958
29676
14958
14957
14958
14957
9238
4163
4163
8863
8587
8587
794
794
291
20093
292
15508
25461
15508
25461
26914
25898
28437
16060
17170
2890
24180
9453
17325
FBgn0003423
406
11057
11062
29326
11061
-
24180
14173
26033
25276
3067
16236
11447
16077
18894
3076
9711
26383
67
61
66
68
61
66
67
68
17015
16712
23225
6612
12311
13200
20250
20964
6679
22958
10853
8620
37266
5119
15710
4613
4612
28838
19026
2067
20767
37265
9004
21735
9006
38689
10854
30047
16084
39941
8636
8653
6936
30046
8636
6936
8653
1424
2323
2867
3012
12563
12563
12563
12585
9119
12586
12590
12582
-
30863
29594
10966
10967
20302
18057
17989
32935
18120
16261
8495
20301
10972
10968
10963
10969
8494
10970
198
10966
10967
20302
18057
17989
32935
18120
16261
8495
20301
10972
10968
10963
10969
8494
10970
10966
10967
20302
18057
17989
32935
18120
16261
8495
20301
10972
10968
10963
10969
8494
10970
2419
19373
16919
18647
28697
29315
23075
18028
12814
3433
FBgn0028434
9806
3436
9813
9812
12398
11099
26922
18278
21152
24788
28264
18736
15579
3439
12816
3437
43690
12816
9807
3438
48347
19400
26922
20794
3435
9816
16627
9408
17293
9407
9529
19005
14568
13538
19341
17346
11396
11395
9824
3434
9817
FBgn0003479
2927
9826
29123
886
17228
9822
9824
11494
11999
12830
9823
13604
13598
24679
21658
28624
11099
12398
1941
1940
4227
4226
19246
10447
17271
6407
5173
7227
9855
9857
5174
15828
7989
17271
10447
6407
5173
7227
9855
9857
5174
7989
2938
2937
24567
1308
23082
23081
3030
3029
29167
9757
16968
30325
9928
10070
1913
30297
17853
FBgn0002638
10295
18591
26117
13721
28311
24318
29527
26984
28044
6887
7110
6889
7111
13415
6888
28788
2700
9529
18997
6887
7110
6889
7111
1464
6888
28788
9529
18997
9834
3041
3040
3042
17687
17981
20816
24156
1919
1918
10696
35410
40910
17228
9826
35410
40910
18000
14603
12397
7547
11137
7545
30958
30958
30309
20603
6764
14060
9183
9181
9182
24616
24660
32239
-
44434
44433
-
12820
25745
25722
6130
-
24660
24616
32239
-
44434
-
21051
7469
10290
30305
10289
7797
9973
9970
9971
9972
9969
30220
24105
16950
9983
9984
9982
9985
21478
37253
9986
25777
25824
25841
1014
23725
14130
17399
23085
29293
29216
31813
6616
3704
3703
3702
17371
1944
25824
25841
1943
17073
26545
30207
26099
21030
81
6643
3704
3703
3702
17371
1014
1943
17073
8148
26545
26099
17399
23085
23725
14130
29293
29216
31813
81
25841
25824
9804
4169
14097
14283
13179
13176
13177
13853
25917
21965
10001
14261
13812
11010
11011
30660
621
30661
10011
21166
26213
30289
671
667
669
21168
21169
18313
672
667
669
668
15703
670
669
667
668
24180
25789
17686
30324
4616
4617
1484
11182
11317
18824
6767
16645
5036
5034
5037
19034
19035
19037
19036
17999
19042
25554
29681
18656
11451
18999
10451
10451
10452
17296
17296
10452
8070
26116
20493
1258
20493
1258
26116
1258
26116
20493
1258
32221
17976
10298
10301
10301
10302
10302
10303
10302
10302
10303
10305
10305
10306
10306
10304
36981
23539
10304
36981
23539
10307
44661
10307
44661
10310
10310
10310
10310
10312
10312
10312
10312
10299
10299
10299
10299
24534
10311
10311
10311
10311
10313
35748
10313
35748
27610
10315
10315
27610
10316
10316
10316
10316
10325
10325
10317
25345
10327
17050
10327
17050
10328
10328
10329
10331
10368
14056
10368
14056
10368
14056
10368
14056
10333
10334
10334
10336
10345
10345
10340
10340
10344
10344
10344
10344
13631
35734
13631
35734
10347
10347
10349
10350
17094
26015
10332
10351
12458
10417
12463
12468
32309
12458
10417
12463
12468
12458
10417
12463
12468
32309
12458
10417
12463
12468
10348
10348
35645
10346
10359
48349
10346
10359
48349
10346
10359
48349
10346
10359
48349
10348
10348
35645
10353
10353
14276
10360
10362
10362
10363
21370
35692
10363
21370
35692
10364
19192
-
10364
19192
-
10369
35621
10369
35621
10372
10371
36404
10377
10372
10377
1910
6510
69
6997
6993
6996
6995
39979
37247
18479
10363
23631
21370
14275
14483
16652
16650
10301
10379
14053
14055
14054
1192
14476
14042
14480
843
14278
14484
14492
14491
14035
3189
14488
16685
8630
14033
10316
14487
10322
16684
14511
14517
7685
21176
25850
26181
13731
21176
20612
14056
10368
4136
14479
2485
20314
17086
2484
23156
9905
9900
9854
18466
18518
17904
21686
14198
14197
28633
28087
25225
29263
16952
31407
28633
28087
25225
29263
16952
683
14592
15590
681
4814
15515
7807
17090
30322
682
371
683
14592
7807
681
4814
15590
15515
17090
30322
682
24490
20038
11200
11198
11189
11191
18196
11194
18122
11197
11193
11204
11199
11196
11190
11203
11195
11311
17264
20454
13182
18027
17631
11654
9195
9192
9198
42652
9193
20194
20422
9199
9187
31351
30074
9197
33853
23208
9188
30348
9189
14121
9191
30348
9188
9196
30074
31351
9187
9194
30347
30076
1080
15763
30349
17888
746
28466
30075
4852
4853
4854
13315
30350
10293
-
20870
29136
22978
17071
25498
37098
13154
21629
28365
10297
16889
9566
9561
23733
15759
25687
28369
9559
9554
9560
2239
9557
9558
9565
3275
21749
9556
30747
9564
4549
9200
17688
21300
21270
7234
35238
29682
13780
18077
29100
26220
11478
24255
11533
18785
23818
30346
30548
28585
21374
17944
18682
25268
17330
18189
19055
17035
24286
30454
29030
16829
28112
20604
28698
28648
16712
13408
17083
24662
15456
20001
17097
10383
-
15795
9069
9137
17035
28112
10383
-
15795
9069
9138
10384
10384
10384
10384
10385
4095
24152
4096
4097
10386
10387
14050
10387
14050
10388
10396
10396
10396
10396
10397
40029
21352
40029
10397
21352
10401
10401
36287
10401
10401
36287
10402
10402
10405
10409
10409
10389
10389
10410
10410
10411
10411
10411
10411
10410
10410
10413
10413
10414
-
31817
10414
-
31817
10417
10416
18476
10418
10418
10416
18476
10419
10419
10404
3597
3597
3597
3597
10421
10421
10420
10424
10425
18501
10424
10425
18501
10424
10425
18501
10424
10425
18501
10429
10429
10429
10429
10426
14499
10440
10440
10441
10441
10441
10441
10442
10442
11654
11105
11104
11108
11106
11107
99
100
30064
15550
21209
14350
3031
17362
9885
17361
30064
30064
19088
10770
2717
16633
14516
11153
11164
11171
20471
7728
7727
13890
16804
17004
16809
16807
9857
9855
21165
9861
9862
687
19127
10447
6407
17271
5173
19323
18229
-
6502
36809
31464
29118
6502
36809
31464
14049
14495
31464
6502
14498
14051
14499
14501
10396
16209
25560
29039
8624
14502
11327
10380
14048
890
14047
10388
2673
19280
14050
14046
14504
16635
14509
20852
14490
12446
11724
3387
19296
3388
3389
3385
3392
19987
3393
3386
11809
3395
3396
3390
3391
3394
4689
7744
13326
11645
6913
7105
11753
11752
12593
11290
12594
11645
11754
6913
28996
14085
10468
10469
10467
10469
14085
10468
10467
25791
25791
11150
30852
21539
6327
11155
11151
11157
28046
11152
25965
16725
21704
7732
39551
30339
16831
6637
1856
3052
12611
12628
10474
10475
11161
11162
17017
11163
-
1053
1052
1054
471
9580
1054
471
1052
1053
26054
1173
19253
29195
1173
19253
29195
1173
19253
29195
17059
17054
6946
30179
10824
18239
29096
26388
30259
7608
20071
12618
37175
12626
34434
12631
23086
20059
12621
4868
1469
1470
11389
343
344
22204
7504
7506
11057
11062
29326
11061
-
24276
1048
7468
1047
20853
17023
11233
13286
13285
10895
26195
6216
1173
19253
29195
10534
10535
24477
17016
5275
17582
13013
17933
15934
17933
17016
5275
16049
24175
28417
4857
19351
18276
17702
18277
16993
16993
28862
9811
16271
16879
11356
11354
33845
11355
33852
33887
15887
24489
7419
7419
7419
10436
10437
10430
392
13900
10434
393
10810
10433
391
10431
10432
21332
4543
4544
48354
9410
290
289
9395
-
17031
28317
14217
11808
25570
9439
14889
25881
12392
16235
24138
24844
10532
10603
10604
10604
10603
11554
29868
2156
2155
11553
2157
20669
6110
12648
12649
21197
24374
2570
12648
12649
16135
19286
25537
24590
7853
10682
10680
10681
33867
26034
10680
3072
17909
3070
3064
17007
3065
3073
3076
3071
3068
18484
30581
30580
3074
33237
3069
16809
9295
30539
25384
25965
1858
19848
19440
17262
20512
10696
21905
17718
23400
9356
23196
17085
10697
7641
15751
18655
10699
10698
40047
20627
29032
26945
23139
30301
29006
16639
1082
10700
16828
20260
8016
11445
11444
11446
16508
9780
10703
10704
10706
10705
7137
6884
25482
6058
24968
23406
7007
30273
9762
9759
20150
14259
30268
26464
9778
9779
9777
9767
9766
30269
31332
10701
10702
17052
23197
28233
21082
11300
11846
15772
15853
29059
29193
13587
29112
21213
30378
34408
30162
20120
11895
27540
30389
11132
11133
11131
9605
10582
7508
9356
11440
33787
33113
30379
10845
7611
28422
27561
15506
445
29513
29271
8923
2495
2494
-
4570
8923
2495
2494
-
4570
9577
19129
29010
29187
7133
13726
7132
24280
19088
18541
18420
12766
12767
2680
16098
14234
25566
15840
3526
3527
18541
25566
24280
14234
7133
19088
29187
29010
18420
12766
12767
2680
13726
16098
18541
19088
25566
24280
14234
7133
29187
29010
18420
12766
12767
2680
13726
16098
15573
20986
20982
16258
15513
18420
12766
12767
14234
17287
24280
7133
19088
29187
18541
29010
2680
13726
16098
25566
3527
11479
15573
15513
20986
20982
10768
25813
16394
30890
10979
10985
30557
10703
10704
10706
10705
10706
10705
10703
3465
11103
20627
28917
9964
5224
23950
18568
29603
5227
5225
32701
26862
19348
14562
28767
21102
25140
16894
13244
25416
25156
10560
22210
28713
8565
37237
42959
10080
11870
4428
4166
6482
17728
10817
1058
9948
9950
9949
12791
18536
23567
10819
23700
26151
11427
9257
12392
16987
30594
14304
25543
33280
1717
7729
11474
11585
29529
18502
16661
30300
24624
24989
9379
9378
24035
16469
19353
19354
9378
9379
8487
14929
14931
14934
14935
10886
15608
5270
14886
14887
30718
16235
24138
5228
24844
6968
14885
5229
14884
28107
2752
16493
22229
16861
17311
17002
16493
22229
2752
17002
16861
17311
11585
30300
23639
10898
18734
4834
8590
8591
8592
11731
6613
11732
6614
16061
6865
26862
5224
23950
5225
29603
5227
18568
32701
10899
16844
783
792
3798
2345
784
3796
13718
2352
28969
10717
25716
11402
11306
11305
1782
7744
3697
9605
10582
4566
37240
4562
17329
4563
10902
4913
18415
11845
13519
15447
28226
24704
29531
29060
29117
6813
18697
30859
24349
28095
31073
6482
1240
25503
6880
6871
6877
16939
20922
28748
10055
25358
10068
7670
20803
20726
20466
6482
14011
11111
11112
2468
20465
14013
11159
31459
17874
11158
-
11160
10908
10907
10908
10907
10907
10908
1076
15483
6881
6872
6886
6996
6997
6993
39979
6995
37247
30596
12502
11124
11125
12483
21181
25906
20226
25484
6319
6324
13339
6320
6321
21202
17273
6325
6317
7212
19349
6388
15869
9126
11960
30858
3214
12645
12644
12642
12643
12647
12643
12645
12644
12642
12647
11486
9377
9376
-
30598
16228
19825
21373
18994
11405
16870
13812
11011
16171
20274
30599
11108
11106
11107
99
100
11103
11100
11098
4917
16816
17028
74
13884
73
33
35
30
36
39
38
13887
7672
7673
17441
27455
25594
7138
26433
10538
7819
30329
11174
14976
14974
14975
11175
11175
23685
14971
11175
28468
11173
19245
11172
11179
11181
1613
26719
17318
19718
11180
-
25655
11658
28627
8072
48369
48335
8903
8903
8903
8903
31922
17072
6483
6482
6485
6636
29306
29022
11575
21015
17165
4272
17136
16352
23401
11847
20085
29163
14906
28962
26212
630
1985
18598
18599
16691
18599
16691
18598
11296
11123
7572
-
11131
11132
30038
27396
24791
9035
9037
34449
9036
9067
9068
11250
11733
24343
22224
2680
30677
11847
33280
1717
7729
7729
1717
15852
661
13504
2754
3554
25891
32389
23238
7852
2753
19731
18985
18349
18281
16985
11403
11404
-
11406
11408
17717
6866
7601
11296
11123
11465
16813
3126
19087
29278
15667
11466
11546
10783
11467
11469
13575
1103
1104
1105
11470
24684
25499
18
21244
28887
22960
30311
18685
17693
19975
30757
19665
6629
6628
19666
30757
19665
6629
6628
19666
24704
29531
11299
15608
15450
2932
3054
11302
11303
11301
11307
11301
24085
22974
33910
20603
14398
16132
8043
8044
10783
20604
28648
33526
9227
8540
33526
9227
8540
17702
18276
6856
6857
17270
6856
6857
26249
4656
35418
31394
18539
11433
3403
11439
11429
19300
11438
11430
11442
11433
18539
3403
11439
11429
19300
11438
11430
11442
1779
19338
1581
28434
20569
20570
25016
43627
43621
43622
5235
5241
29526
5239
-
30404
10691
31689
6854
6855
6857
6860
6848
6861
6849
26249
3590
3010
3009
20823
586
18648
16490
5381
7995
12877
8590
8592
8591
16061
15916
16059
5350
6840
6842
7746
6846
6844
46
40
45
42
11098
11100
871
11387
26151
15746
11212
11343
18487
18556
13812
11011
17860
15971
30866
25775
12947
20994
21039
33108
13014
9349
12915
13150
13146
13723
16234
21039
9349
12947
20994
13014
33108
2501
30611
6172
8983
28959
865
18481
11647
866
11443
28905
19985
11449
115
13917
17821
2743
11448
11450
14471
14472
9359
8818
14467
30275
10993
14468
10994
14470
14471
9359
14472
8818
14467
30275
10993
14468
10994
14470
30792
3249
3018
14472
9359
14469
10993
14468
10994
8818
14467
14471
14470
17968
18149
1907
10545
24449
11471
30712
15469
4113
12391
18291
1873
12761
29650
19684
10021
12757
17826
11587
9888
28826
18471
20712
18475
18474
18472
20341
20714
28654
18459
18470
20713
20750
17362
15550
21209
14350
3031
9885
17361
11105
11104
11208
11810
14529
11205
33517
28160
13198
13199
4662
18830
14530
11811
11958
16974
26602
4861
10401
17809
16785
25522
9852
9853
2431
20
21022
1493
25695
2678
25538
29419
3418
9751
14089
19824
3592
17800
29207
21062
25110
4162
12827
4162
9126
11960
4816
4817
5330
29685
29685
5330
6215
6215
17095
6512
7224
28177
9716
28763
26827
25133
6898
7643
26274
26274
7643
26087
30563
9751
21406
9870
25536
21406
9870
25536
16162
10537
17697
18754
17697
18754
10537
19096
9507
19092
15853
13587
29177
16500
11572
24728
30740
14027
11572
14027
12651
21642
12729
12730
24249
12840
10648
4647
4650
4651
4653
4652
226
227
228
225
30714
30713
21172
25151
10663
11543
11546
11466
11545
11544
-
11535
18056
24859
11536
11538
11537
11539
17304
19222
30300
19221
30857
30836
12759
11540
17305
11541
11548
11542
17306
17300
11427
11559
11559
25187
23807
29127
20367
26887
5461
11057
11062
29326
11061
11060
-
29326
11062
11057
11061
11065
11067
11063
11066
11064
-
557
3419
24634
11577
20768
24071
20766
18809
12408
12407
12410
20765
23534
3247
20766
20768
24071
12407
18809
12408
12410
20765
23534
3247
20771
20774
20778
12412
30829
20776
12413
20773
16257
20775
20772
1989
2711
10461
2586
24314
11579
11847
10274
12417
12419
16811
30123
29230
13286
11233
13285
26195
6216
11588
19841
11589
22211
29534
24295
26183
25636
29534
24295
22211
26183
18638
24119
18381
25636
11511
19266
11509
11514
11513
19265
11512
19239
11510
14962
29534
24295
22211
26183
11509
25636
9605
10582
5261
11655
1615
1617
1618
1616
1622
1623
15553
1620
1621
12022
-
-
-
14568
26477
25295
29646
17693
22960
30311
18685
19975
9940
23238
11715
11714
11716
11717
29099
9768
12362
18749
9774
9588
12023
11973
11730
19072
20482
25352
18316
28682
4662
27994
13149
20725
30946
13158
12917
26416
13502
13102
29385
20649
17197
13019
13644
21628
20636
24740
12936
12892
26457
12964
13079
20814
13018
29084
13111
25597
17409
25406
12981
11955
30951
18609
42964
13043
14955
13015
13153
4929
13031
13041
28652
13022
30948
14096
29384
12897
13027
26305
25879
15924
13091
25736
25392
29254
28766
13014
13150
13078
13501
28673
13017
13016
11551
4648
4655
7181
4657
21157
13652
4668
4658
4666
11612
11615
11614
28277
29891
2376
26338
26494
6617
6622
23444
23455
21773
23452
1047
17843
FBgn0266195
14398
30404
10691
26053
17856
20644
17358
23617
82
83
4803
93
94
83
24432
19073
17303
20368
25653
15500
25602
26160
12388
7223
11816
11817
30528
20325
11814
11814
17310
17315
25010
10683
29679
17317
17312
23581
17315
17316
23656
11817
11818
11819
4022
21876
30231
21661
11834
25313
11835
11834
25313
11835
11441
11428
11431
11430
11442
16244
7900
18173
6656
29499
1310
25587
28797
25638
25982
6583
23357
26932
29528
20290
16998
11865
30797
21529
11864
11865
30797
21529
11864
11865
13464
11699
23231
18825
32237
19068
28276
25749
4646
30727
30652
30651
7548
6283
6273
6278
13814
6277
14465
6274
19231
19439
6272
6280
14464
6279
6275
6282
6281
11813
30892
16806
20363
21033
26117
20947
33752
18002
18001
25756
21648
11985
12391
358
15746
11212
19739
30594
14304
26151
12394
11985
12391
15746
358
11212
30594
14304
26151
12394
9322
11986
29787
11989
11990
11992
8983
3942
9413
3942
30045
1469
1470
11389
7001
7000
11776
16714
29537
9022
10889
15764
18569
18570
25585
14409
28380
10986
12009
35449
12010
12013
12012
12011
24634
6482
12012
12011
12010
12013
6482
10966
10967
20302
18057
17989
32935
18120
16261
8495
20301
10972
10968
10963
10969
8494
10970
10966
10967
20302
18057
17989
32935
18120
16261
8495
20301
10972
10968
10963
10969
8494
10970
10966
10967
20302
18057
17989
32935
18120
16261
8495
20301
10972
10968
10963
10969
8494
10970
28433
13812
11011
10966
10967
20302
18057
17989
32935
18120
16261
8495
20301
10972
10968
10963
10969
8494
10970
9154
15984
20316
17276
26940
44025
11868
19217
12347
3788
14526
11762
23219
23536
11763
13636
3788
11763
14526
23219
23536
13636
12266
12266
16705
30758
11106
11108
7930
7910
7931
14351
21080
25502
28403
26022
26454
25980
16782
24974
25748
11568
26653
23141
23790
26070
20900
13254
12756
25189
26725
7030
1424
23066
23069
19943
23067
29169
23068
10710
30887
12435
24110
12436
16470
31454
17772
26398
12435
12436
16470
31454
17772
26398
12435
12436
17772
16470
31454
9353
9352
17169
9354
16753
9352
9353
9354
17169
16753
4021
8962
28611
4551
27365
25455
25542
14175
8762
28194
29029
1312
21586
16118
21211
19963
34000
26693
38830
707
18113
32484
28976
26242
20853
4814
15590
683
14592
15515
681
7807
11839
11838
26999
26697
11539
30300
19221
29175
17826
12757
8788
20398
20399
30453
14383
42961
9620
9621
25441
10979
18884
12593
11290
11289
25598
33908
24757
26091
12441
17558
17557
26754
11106
11108
12457
28082
12469
12471
25581
15765
23230
16935
30661
12470
15937
25616
28559
12491
12480
4914
12492
31710
25009
25847
19907
1734
12482
12483
12475
12476
12474
21647
12490
12488
28656
12473
12472
17895
28559
25847
13516
29554
19268
17598
12475
12476
12474
21647
12490
12488
28656
12485
25847
12483
12482
1734
19907
12484
4914
12468
12463
18795
4053
12515
12513
12619
44439
44440
44438
44441
20068
20062
44448
44446
44449
37177
44452
44450
44456
44457
44445
34434
44454
44455
44453
44458
44447
44443
37180
18533
37176
37179
37181
20078
20064
12626
20067
18563
12627
20063
20079
12631
19143
23086
13485
12618
12620
12609
12627
12613
19143
12631
12629
13486
12618
12626
12621
12617
20485
20075
20061
12607
20067
12628
12611
12630
12623
20069
20076
20065
37175
34434
37179
37182
20062
20078
12626
20064
20078
20065
12626
20064
12624
12625
12608
12620
12618
12631
20079
12619
20059
19143
23086
20065
20075
12631
12618
20079
19143
13486
12627
12626
12621
12609
12619
20059
12620
12612
28110
20485
12625
18563
20063
20079
12631
19143
23086
13485
12618
12620
12621
13486
12626
23086
12627
12618
19143
12631
12609
20078
20064
20080
20485
20075
12607
20067
20061
21289
16808
30467
16808
21289
30467
15912
27035
27265
14860
18402
24666
3578
13825
14860
18402
29119
25238
12587
12588
12520
15942
12306
20157
12500
12499
13613
10847
13595
11057
11060
11062
11061
408
28114
12527
12527
14409
16986
19263
621
30660
30402
20944
23116
17927
28407
17862
22992
20330
12398
11099
9890
9887
20224
12572
20439
20332
21042
28334
14859
15938
12562
30255
15892
24639
-
24639
15892
-
17344
2519
2520
2520
2519
15938
12562
14859
28334
15630
25031
28378
30882
30904
3185
7373
31922
31981
31979
26358
6492
11575
7212
14621
6482
1737
19760
17072
17234
23665
10461
26406
24589
25309
14673
7573
15947
30285
21015
1857
4427
1856
4429
14097
14283
13179
13176
13177
13853
25917
25517
12755
30857
11586
10665
20321
24329
24274
11587
12757
17826
17897
28224
25725
19910
25758
30696
1983
29831
13923
28440
18279
28945
21723
863
13724
18266
25507
30964
9026
728
2516
2514
9024
9023
9025
6207
9801
25583
9859
26350
11442
11431
11430
11432
11443
11174
20593
16836
851
854
853
856
18264
13527
857
18125
16832
864
862
18265
855
18303
855
28158
21573
10934
10935
10936
861
12674
12669
12672
12674
12669
12672
12718
7744
28107
24999
13727
29285
25920
24245
24634
29035
29023
28178
57
59
60
14640
55
14639
52
54
53
51
56
25527
865
866
18481
11647
11186
16698
11185
16697
16699
14584
9664
8982
1908
23594
23595
2183
25675
28439
2974
2973
2972
29125
7532
7533
29865
38847
12859
28122
4897
20451
20482
20760
9783
9784
9785
9764
9771
18263
9765
18178
18179
12712
11445
14340
20312
8974
8972
8973
8971
8977
13487
14579
12713
16836
20593
10518
18652
10895
13488
25387
28361
6216
6555
29477
26942
25608
11173
11172
19245
28468
23685
14970
26423
14969
16643
1280
30590
21688
11009
11007
11006
18301
11005
13446
11010
13812
11011
14239
13445
15452
24882
17676
23375
21957
18751
29122
3788
14526
23536
13636
11762
23219
11763
10760
14521
24358
21559
37473
16256
23924
29367
12382
37287
11644
12736
30923
22004
14214
14422
12827
20954
12827
12827
11186
11185
16697
16698
16699
11186
11185
16697
16698
16699
17792
17793
23023
25492
24134
22916
25706
20852
12758
14624
19097
19098
18824
6767
20876
29117
8010
8009
-
3681
9890
9887
20224
8988
8860
20224
14889
13192
25570
9439
14884
12392
16235
24138
24844
12839
12825
12826
30654
12836
12836
30654
11184
24263
24415
29488
24857
3092
3091
14402
19006
4915
3094
3093
19007
3095
958
25163
28915
29163
14906
28321
9987
18588
24470
492
493
494
26149
32960
4074
495
1789
1790
2330
2329
2328
18540
95
25157
17435
10915
13818
10914
10913
10911
15595
95
25157
21078
469
470
468
11005
11007
11009
18301
11006
13446
11010
15956
13812
11011
14239
13445
20352
24936
32221
33717
26988
28368
41948
30476
9457
24220
28988
27010
26755
30239
13429
16648
17481
28037
9989
52
59
60
14640
55
14639
57
53
54
51
56
29656
8829
9251
14399
29507
26021
8829
2518
51
53
54
57
59
60
52
14640
55
14639
56
1725
1726
1727
16894
28486
22421
971
27229
15850
14941
12000
13281
27937
16813
26059
16697
11186
16698
16699
11185
16697
11185
11186
16698
16699
30239
11185
16697
16698
16699
11186
14603
12397
7547
11137
7545
28712
18647
20885
26756
326
20886
35
32
14638
21084
25773
21957
14678
9976
23295
24753
23227
11422
30311
22960
17693
18685
19975
4800
20387
23088
26175
10977
10978
10976
11070
11068
11069
28079
21176
40051
25007
29181
25588
26439
15956
18067
11009
11007
11005
13444
16910
14526
11762
23536
11763
10756
10755
16066
23675
25610
4289
4291
4565
24972
29683
29036
10987
20584
21601
17856
6041
29831
6617
6622
23444
23455
21773
23452
6617
21773
6622
23444
23455
23452
9504
16500
26881
16865
24131
16695
16695
24131
16695
24131
13178
13998
14000
3498
14530
11811
18830
17590
17929
27393
25252
29214
29305
24911
27287
636
643
640
16029
634
35475
633
642
-
637
638
8840
28052
370
2932
25952
9753
10979
26054
16135
33714
24316
16407
28453
15804
25959
39006
25959
25214
22997
25439
11870
26814
3213
26933
28833
9907
13427
9909
8556
15797
8554
8557
25648
26954
21078
28669
19683
4617
4616
2418
27723
20229
26657
8923
4570
24972
8021
15819
33843
16813
16398
17184
24063
6560
9974
7038
6377
25913
24522
16524
7007
19982
31332
9778
10017
9762
30273
9774
9783
10023
30268
9784
9785
9766
3418
9722
23301
10701
29305
24911
29214
27287
25252
31984
13840
14411
26054
10966
10967
20302
18057
17989
32935
18120
16261
8495
20301
10972
10968
10963
10969
8494
10970
13812
11011
24261
26235
21607
9605
10582
21214
2501
9215
9217
9214
9218
9221
9220
9216
9219
22958
10853
8620
37266
5119
15710
4613
4612
28838
19026
2067
20767
37265
9004
21735
9006
38689
10854
5134
21338
21610
3006
25959
14665
14005
13915
18275
21019
29683
17587
10987
17586
14411
29681
25554
30511
16688
20387
25110
18647
2419
19373
24877
26825
28304
25231
28476
21998
16800
15582
7514
14362
7517
7516
12726
7512
8516
31357
2465
23059
21446
2464
17410
2380
5208
30419
11257
3554
2754
25891
32389
23238
16985
4800
25171
23133
388
381
380
385
387
382
37281
23437
21076
20952
21384
34386
32221
32222
28268
20352
33717
26988
24936
28368
41948
30476
28158
16894
21381
28439
469
470
468
4459
16055
27501
30521
20803
31357
2465
23059
21446
2464
17410
2380
12310
1884
59
60
55
14014
23274
1843
16148
12470
29472
16818
402
4927
20861
18607
20859
20858
17129
20502
20862
20860
18349
16435
30424
28902
30227
20627
18655
40047
10699
10698
29032
26945
16114
23139
10024
23046
12404
26595
23704
18657
16959
689
690
22215
16953
18629
11771
16286
19351
28106
10884
6770
25252
29214
27287
29305
24911
31357
2465
23059
21446
2464
17410
2380
31357
2465
23059
21446
2464
17410
2380
22234
11894
23236
10683
8630
28319
32178
29118
23787
17735
19038
21738
26784
26768
12852
8875
8874
8872
8873
2987
2988
23476
19192
2989
4923
4922
14410
15815
20086
2750
16716
20122
28712
18647
28833
633
634
642
637
639
638
7103
35475
636
643
640
21916
6556
14648
10682
24446
9238
4241
4242
4242
4241
28171
24671
15465
20661
18718
17553
18717
26971
28639
14423
29674
19731
16985
18349
25891
32423
26607
27010
24220
28988
17887
21096
26933
21661
21998
16800
15582
7514
14362
7517
7516
12726
7512
8516
7468
23435
20116
1421
30451
20115
20116
30451
1421
20115
17117
23617
12843
11237
315
18429
20149
23088
7453
7450
7454
16825
7449
14596
7448
9719
30024
26899
17872
30512
21575
17826
12757
26188
8764
17589
18519
17134
17907
31978
24584
31977
18520
16697
16698
16699
11185
11186
11186
11185
16697
16698
16699
24856
16667
27254
30443
21398
3401
23760
3402
23758
7028
24063
6560
9974
7038
20293
26925
24278
28756
15868
19837
16385
16609
25857
30476
20352
24936
33717
32221
28368
41948
26988
14573
19745
24860
3363
3367
3368
3365
3364
20489
28417
43946
16049
43943
19423
19421
6062
14587
6063
19421
19423
6063
14587
6062
23435
29884
28712
18647
25858
28073
19979
19978
19977
17964
12799
18399
14077
30164
13008
20486
23163
29284
29150
17217
21084
28029
13887
13886
13884
14637
32
29
37
74
73
30914
30055
17663
751
750
5359
1185
9716
28763
23147
28658
467
7224
28177
26827
30781
30077
30078
23711
17975
25786
26176
17018
29106
19714
9003
56
59
60
14640
55
14639
41
1884
57
52
54
53
51
18550
9214
9215
9217
9216
9220
9218
9221
9219
5108
5118
6653
6654
5128
28380
10986
20663
20662
19375
14409
30557
6347
18830
16516
21948
14536
14530
17321
6349
10524
18320
10527
12856
21200
23716
25821
14000
13172
9346
29297
20646
18079
16838
12948
13672
16857
18320
11094
15981
21200
23716
25821
14000
13172
9346
13011
29297
20646
18079
16838
12948
1123
30884
6229
6230
6228
24056
390
389
29631
27901
19039
28960
26477
25295
29646
8923
4570
143
26145
33911
29851
2158
25037
26916
26954
25648
3430
2154
14568
14311
2700
1461
29558
34244
29577
960
961
30526
22144
38834
30915
24972
28790
26607
16066
23675
18356
9285
10430
10431
10432
10434
10433
10436
10437
10435
391
392
13900
393
10810
290
289
17031
6855
6854
7111
9441
9380
9382
9381
24113
25422
30213
31789
13900
10810
10430
10812
391
392
393
10436
10437
48354
10434
10431
10433
10432
9410
9401
9395
9399
9412
13900
10810
10430
10812
391
392
393
10436
10437
48354
10434
10431
10433
10432
10013
9410
9403
9395
9399
9412
19750
26001
25146
25120
381
380
382
388
386
385
384
23437
387
37281
26001
25146
25120
26001
25146
25120
2530
8890
2529
8887
13395
8885
9958
934
16075
9773
19982
20150
9800
2529
9958
13395
18072
14244
30290
16523
14902
9789
9772
18263
9765
9760
9761
18238
9763
20246
9781
13395
2529
9958
9783
9785
9784
9771
9764
9765
18260
18263
9786
14902
18293
16525
-
9775
-
16519
16075
9761
9760
18238
9763
20246
9781
9788
9792
14090
7007
9778
30273
9768
9800
30269
9758
18370
9774
14244
19982
19983
9785
9783
9784
14244
30290
9789
9772
9764
18263
9765
20799
20800
15621
19071
23782
17940
5046
9847
9848
32414
32419
32418
32416
-
32417
9849
9850
26353
24972
24972
31357
2465
23059
21446
2464
17410
2380
31357
2465
23059
21446
2464
17410
2380
31357
2465
23059
21446
2464
17410
2380
24972
31357
2465
23059
21446
2464
17410
2380
24972
29546
8571
12304
17069
30418
8572
8570
6184
20851
6183
25463
21083
2326
26052
2325
16469
29305
24911
29214
27287
25252
20001
315
11237
12843
2327
33632
28972
24762
30941
17808
14098
31406
12336
12337
12333
12335
12338
20393
28200
23716
20725
-
12904
26484
28684
25950
28197
33242
13059
26479
13099
27713
16736
12873
14097
12947
13060
12925
26138
12869
29450
20322
12955
13141
28063
20636
18190
23717
12870
15808
12872
12861
12874
13154
29084
26720
23718
13140
38879
6836
613
17288
602
600
33879
6483
6482
6485
29511
1985
13051
11012
25355
11014
11015
11013
19089
19306
20303
17127
17128
12876
566
12876
17127
17128
17127
17128
12876
14463
13192
20090
