853456
856772
852763
853925
853499
855080
850502
852117
854745
853050
854279
853724
850301
854836
852543
852774
855398
851943
851352
853100
853439
851137
856724
855424
854435
855243
855836
852452
850821
852637
854246
853679
850314
856736
850405
852225
855304
854551
855210
855009
855137
855206
854504
851204
856418
853384
854651
850619
854420
855540
854419
852179
853086
850305
855274
855411
852406
855750
855247
851063
856069
852136
851142
852453
855203
852602
853204
853214
854635
854008
853209
853235
854495
855288
854808
856734
853570
851321
851332
852007
854767
852694
852773
853097
852786
854389
855321
854327
852018
856010
855250
852476
856749
852664
855548
852032
853276
856831
851567
852567
853884
854672
854811
856712
852169
851366
853970
853771
855177
854533
856502
851879
854697
855678
856498
856389
853872
855958
856292
855683
855358
853200
855390
854159
852070
853690
851450
855054
853568
856277
854018
852215
852064
854980
854083
854869
856058
854517
852395
850893
854950
853563
852065
856908
856351
852985
856614
856322
850673
850490
850674
850683
853167
853552
853512
852455
851995
854050
852108
856494
853236
852149
853216
854009
850770
856496
851417
853623
850536
851333
855023
856492
851944
856640
851946
855809
856444
850631
854657
850796
852993
856353
851763
854772
855099
852034
856570
853527
855461
852337
851589
856659
853488
856691
852366
852523
852329
855664
852783
855926
854158
852652
851251
851252
855215
855877
854694
851925
856705
850452
855200
851207
856913
851667
856523
855593
854359
856670
853508
855913
852025
851136
852563
855265
855104
853852
855423
855230
855827
854851
856732
855745
853961
852757
853739
856140
853457
854721
854386
851250
854901
851170
855949
854857
850812
850811
851722
854797
853811
853848
851814
853733
855130
855497
855642
850722
855256
855948
853783
854434
851549
853553
854758
853516
856436
851452
853965
852062
850754
850624
850714
853755
851368
855025
854303
854714
850342
855691
850987
852782
851564
852286
853839
853853
854117
855773
855026
852412
856686
855842
853581
855938
852961
851086
851730
853433
854331
855746
856529
855594
850807
856609
854230
856490
852655
855357
853812
850421
854414
853616
853520
852905
851042
850666
854856
850628
853153
854553
856869
852678
850539
850435
855952
851190
850888
856576
856866
850785
852088
853760
851087
853243
850400
855637
854903
854253
855570
853175
854640
850394
850690
851719
853181
855801
855076
854444
855396
852667
855625
854268
855095
854887
854768
854914
852462
850506
851700
852119
855574
852391
854431
850369
850516
851659
856366
855482
852533
852248
853197
851615
854080
852015
850462
854916
856423
854394
856559
854192
855602
856517
851918
850947
851704
854789
856294
855634
850877
852113
856289
855448
855053
852638
853803
850865
851766
851342
856237
856236
850713
851457
855950
850568
854144
850950
852719
852101
852077
854053
855716
850620
856207
855017
854886
856123
856125
854776
854227
852696
853818
855905
854981
854889
854915
856814
854736
853438
856447
850721
854027
856432
851798
854160
852102
850710
854052
856537
855568
851834
853997
850641
854149
851721
852415
856195
853227
855170
851480
855409
853992
856714
853344
854948
851152
856626
851000
854357
854204
852865
852168
856144
854387
853870
850686
853887
851112
852099
850833
852608
854092
853830
856374
854013
856499
855201
854769
852821
850455
854778
855780
853710
855622
856855
854820
853146
855470
851051
854353
856543
852068
851926
850501
856480
850761
853147
852066
854338
850969
856882
851638
851274
854466
852833
853071
854025
855231
852797
852093
853980
853139
850290
856327
853843
851338
856514
856409
850580
853037
854647
855450
850903
851392
853589
850621
851731
855837
855359
856850
852193
850953
854467
852866
854681
856859
855517
852709
851610
851608
856071
851609
852876
856486
852513
852609
856143
852746
850578
854183
855048
850873
854921
855329
851212
854302
851358
850687
856478
856210
855094
853836
854102
855615
854277
851980
854471
850464
854634
855802
853699
856443
854669
852825
852364
851977
853093
852579
854693
855674
855598
853659
854483
854030
856727
856020
853131
855310
855547
853064
854283
852377
853574
856251
851148
854265
853409
851006
851085
854034
855417
856769
855554
854775
852522
853928
854780
855790
856870
852046
854992
855923
853367
853882
853366
853607
854314
852931
852265
856425
853696
854094
850593
855150
850716
854211
855739
852949
853757
855109
855108
850827
851729
854095
851539
856387
855136
853729
850500
856362
855774
855984
854379
856316
853401
853782
856208
853470
1466503
855060
855059
855013
852296
855309
851617
853902
854542
854255
850328
855929
851957
854325
856862
852262
856790
850818
853714
851652
851019
851209
851444
852647
856761
856762
850943
852945
852311
855529
852326
852115
851150
856923
850871
851493
855723
854663
850694
855388
851311
855522
852276
852332
854537
850999
855034
852220
850429
854179
856136
850759
853624
851351
851239
851238
851543
851583
850354
856370
856194
851141
850422
856307
855492
856566
853157
853390
855267
856504
851974
854287
853559
852446
851433
850523
853334
856763
853904
850742
854036
856382
855418
856132
850398
850747
852565
853675
856165
852386
851562
854290
855287
853986
851533
853350
851487
853800
855056
853327
854933
850809
853304
853932
855775
852916
856152
850346
856899
855988
854294
851985
852171
854197
856011
853193
850797
850399
854764
852023
850544
856088
853441
853933
853303
851584
851846
856738
851646
852423
853389
852680
850951
855718
856687
855036
851624
855044
855772
852743
855882
854761
854161
856787
851430
855656
854675
855182
851146
854682
854853
854854
851581
852330
852456
854700
850508
852144
850504
853364
856530
856314
851934
850642
853774
851347
851426
850872
853717
850648
852984
852316
856227
851761
855586
852873
851512
851089
856087
853671
856916
851670
856477
850585
850946
850803
856167
854485
856571
854057
856147
853169
856579
855848
855373
854575
853275
853688
855898
851323
851819
850318
853707
855788
855747
853241
850403
851979
853077
851200
856911
855097
854480
852547
853895
851748
856726
851657
3799974
856546
855438
854046
851524
853936
856912
852394
856455
852424
851041
852485
856654
855964
854405
852494
854391
850734
855214
854912
856091
856750
852059
853301
855889
852817
850550
852457
856076
853718
853668
855682
854879
854900
851171
854463
851159
854026
855729
855202
1500489
852822
856673
853345
856303
856771
855611
852802
853191
852223
854363
852411
850719
855186
855860
855389
853177
854943
851696
855897
856860
851115
851488
852373
854187
855483
851082
853249
852951
850745
851666
853271
855920
853900
856519
853865
853339
856577
855597
852702
854213
852422
856823
852224
854817
851724
850822
854310
854543
853833
855700
852295
853365
850627
850707
855583
854677
851504
855414
854028
855155
852878
852313
856372
853124
853494
850409
856213
850505
854938
851272
854295
853229
854867
852625
852835
851303
852663
853300
852231
851335
851418
853585
853697
851217
852775
853562
856290
856156
853557
852410
854088
851525
853079
856799
850776
856751
853639
854459
854460
853056
851018
850570
850819
855824
856884
851076
855965
854383
852042
854973
853375
852587
852030
851236
854637
850451
855366
856618
852897
851522
854010
851289
853770
854073
853776
855102
852908
852075
855998
852467
853967
855917
855725
852788
852703
855066
853796
852233
854822
852491
852307
850906
853756
851196
854063
850450
852499
851061
854087
856393
855320
853867
854235
855478
852472
850919
850445
855128
851785
853028
854260
854106
854156
852838
853788
851153
854946
855535
856032
856895
851435
856533
856580
851129
854829
856017
855385
853620
851354
850471
855057
850543
856417
855012
855710
855704
855305
851501
855987
850824
851725
855197
856612
855807
851574
854468
855270
854289
853583
852772
852228
854418
855612
855315
851096
852045
854024
855633
853096
850711
854337
850930
855541
855301
851383
851071
851824
851400
853003
853002
850907
855819
853644
855031
852892
855906
850376
851454
853910
851213
854280
854908
853373
855103
852306
853252
855446
855143
852754
854163
854233
854446
855052
856330
853117
856867
853452
855609
855275
852135
856820
851478
851427
854664
855224
855498
854777
853325
855041
852020
855456
856669
856722
851933
851015
855524
850395
856049
854506
852211
856836
856375
854093
853654
856031
854384
853744
856219
852582
855911
850781
852597
856111
854749
852039
851475
855653
853107
856247
856398
850693
852497
852881
852659
850370
855022
854563
854566
853844
856178
851319
856511
853578
856765
856201
856438
850588
851682
856611
852097
856648
852382
854350
856781
854766
850979
853242
856887
855263
851752
853959
850897
851623
854954
853507
856672
855661
855647
852440
853198
850678
853978
856350
851713
850645
855708
852092
855669
854692
855462
856018
852481
852537
851677
852692
854985
852826
852511
854956
853372
850779
855254
856148
851014
856741
852853
850909
855636
853642
853603
854505
851203
850782
853734
852014
854549
855834
855363
856731
853305
853931
853899
853347
850601
852622
850625
853313
855963
855284
854494
851786
851286
853481
855592
854130
851742
856036
852722
856306
854273
854201
855580
850577
853138
856004
856104
856310
852736
856508
851960
856465
852880
855641
856121
856391
856598
856892
856715
852437
856263
851802
852848
852958
855428
855956
853647
851461
854802
854324
854175
853338
851857
854199
851477
855173
851372
851924
852946
856349
852121
850665
851616
852361
850334
854111
854680
854465
850706
850650
855841
854474
856846
855356
853632
853529
856297
850418
852839
850774
854352
850990
852766
855561
856868
852686
855783
851210
854499
853113
851464
851902
851462
856742
851052
853031
852749
853277
850602
851442
855876
854935
851256
854123
856563
855865
855688
856702
855632
855249
856099
856807
855993
851513
855029
850973
850515
856408
850579
856163
855157
854225
851201
852234
854812
854462
852372
854090
856442
853595
850746
850882
852111
854332
856891
856145
854530
855863
853912
854139
855451
855854
852360
851738
856646
850333
852429
850489
855453
853104
855415
854029
856766
851471
854089
854276
855618
854815
851756
855499
856249
852862
854844
853551
855934
853646
855994
853148
852992
854037
856607
850764
856589
853172
855221
855844
851437
851362
850632
853106
853395
853465
852327
855251
851991
850963
856160
853250
854229
854937
853244
851163
856291
852275
854203
856753
852662
850966
856608
853201
852477
852834
856919
855228
851818
850839
856575
853789
855158
853750
854457
851831
855032
856774
851531
851969
851273
852107
850996
855513
851396
851707
850892
852577
852380
852250
855078
855869
856367
852591
851193
854529
852740
851410
851822
851327
856368
852713
852365
853316
851899
851065
854241
855532
852240
854497
850998
850732
855412
851908
851110
851647
851339
851421
855766
856863
854568
851326
854152
850402
851928
856920
852867
853118
852378
853955
850935
851561
851260
850574
852861
853840
850793
854840
854096
852122
853418
856840
851259
852203
850636
855512
851369
852536
854791
850427
853288
854598
854597
854596
854622
854627
854601
852617
852017
855976
851810
852284
851649
851415
853974
852338
851590
852226
852185
855875
851990
854118
853311
853573
855645
854668
854965
855871
854322
854382
853798
854150
852319
851575
850330
854986
852051
855480
855362
854301
851993
853681
855399
850397
853248
850864
851898
856454
856394
851843
852979
852058
854984
854411
855262
854454
856445
850808
852385
853036
856830
854658
853969
856709
856101
854583
854582
856361
856119
851191
850685
856222
854119
852806
854307
853164
856613
853612
851105
856240
851394
855892
852695
853033
851733
854897
855706
853450
850647
852870
852697
856155
852376
851631
855083
855621
855241
856413
852606
851676
856924
856015
852479
851241
851620
852666
853503
856682
851084
852804
855903
855730
851195
853528
853664
852177
852952
854392
850430
852379
852254
852685
852810
853128
850737
855216
854882
852239
853023
856016
852480
851509
851024
856507
850358
851804
852950
851373
853539
853651
854261
856610
853610
855283
854489
854982
852061
855643
853463
855838
852888
852925
855092
852331
851440
854826
852416
850676
851532
856146
854309
856746
852976
856217
851823
856352
850682
851386
852442
852216
853123
850444
856853
852191
853684
855587
852911
851045
856801
854744
853427
853091
853183
851557
854407
855731
850356
850355
855826
855232
852258
851723
854993
854866
856134
852730
855658
850750
850509
852549
852495
853155
855245
851757
853034
854369
853807
854059
855475
850875
850876
851921
853475
851456
851237
854557
852130
854509
855350
856371
851162
854939
856388
853864
852487
856024
852317
856126
851174
856187
852274
852863
855701
852294
852283
851811
853968
854519
852243
856243
853886
854105
856014
856399
851302
856692
855313
854865
851636
855760
850431
855515
853098
855543
855169
856574
854514
852553
851267
856779
853540
852219
852974
856457
854328
851789
851692
855316
854786
852986
850520
852818
852519
852507
856429
854068
855107
855349
851107
854841
855613
853286
854699
851059
853738
853121
852104
854056
856106
854066
854108
856200
854541
855328
852230
852762
856594
856085
852592
851032
854388
855463
852432
850592
852352
855460
851770
853587
853929
851249
854688
853723
853461
851746
856312
851424
850840
854825
856716
856317
854406
856617
855808
851892
852721
851266
854198
851856
850562
852903
856909
851909
856130
854396
850530
855276
856926
852196
855028
853312
855346
854508
851447
851874
854319
855835
855144
851840
855220
852572
853223
854065
856254
854217
853174
852684
855051
850344
853491
855762
850433
854995
855014
853842
854855
852546
852074
852624
855207
850846
851245
855337
851364
852886
852190
853641
854877
850517
855266
855196
855605
850788
853007
851703
852405
855021
856547
850967
852172
855089
855972
854584
852564
854346
856275
853857
856319
854070
850942
855308
852439
853894
855342
853455
856171
854267
852401
854297
852342
851285
856745
852212
856835
853973
851406
850652
854371
851654
854934
850898
854974
852079
855695
855928
851467
850790
854060
856276
854334
853767
852938
851111
856704
854978
850701
851641
854650
851458
856061
854538
856674
854555
854258
852661
853569
853445
850923
853222
854740
855789
853566
851221
852691
851010
853594
850668
850616
854892
856512
851388
850614
852639
852128
850317
853497
856553
850798
852871
852451
853352
852585
856740
856821
850388
856412
855654
850449
851048
850643
852988
853558
852081
850411
855978
854020
854142
855068
855180
854115
854773
856186
856218
851027
852371
853860
851860
855430
854424
851656
855339
851829
851140
850656
856599
852083
855248
852778
856694
855135
851987
852978
850825
850733
851479
852885
850941
853447
854990
852048
855474
856581
856419
852222
856365
852767
853114
853116
851740
851930
854913
856658
854248
851376
856638
851380
853072
850889
855828
853747
850886
850612
851554
855581
851878
852114
850589
853160
851996
850367
850623
856070
851839
854878
852530
852037
853712
855595
853272
851431
856112
854726
852794
855280
851495
854443
856364
852071
855999
852470
856009
854960
851821
852398
852893
851039
853377
855324
850436
855765
852800
856567
852594
850606
853662
856819
856188
852414
852323
855447
854570
855990
852690
851092
852351
854713
855711
855753
850415
850419
855757
852890
855925
851508
855386
852681
850766
851881
856268
853025
850573
854809
851998
856683
855761
851317
852259
853869
853466
853442
854181
851226
852675
851544
851690
850778
851779
856346
855893
851844
855347
851576
851145
850329
856063
853287
856918
856489
856141
855500
856925
852186
856856
853922
851568
851653
855631
854256
853298
851069
851088
850438
850353
852539
855919
854832
852270
854349
852882
856510
851264
854894
853592
854051
855571
854278
855727
851541
854098
853705
851606
854315
851432
853982
851706
851594
853761
854205
851865
855429
852188
851485
851858
856323
856642
856810
854516
851199
854469
855881
852742
855252
852982
852750
851119
852503
852607
854263
855628
852266
850529
851558
855458
850704
854448
850702
850981
850869
852528
851309
856744
851473
852322
852937
856616
850324
850297
856900
852050
850594
855490
855067
853158
850795
852670
855343
852436
854715
855125
855626
856404
855933
854732
853640
851494
855821
850343
852554
855866
851455
855971
855319
851714
855518
854845
856811
851005
854023
855183
852209
856838
852335
855588
850466
851182
850383
850555
852793
856280
853042
852063
856852
855709
856097
855306
850654
855114
856737
856135
853410
850727
853173
851439
853371
853130
855857
855870
856229
856695
851516
852011
855596
856467
852665
850538
851887
855331
854138
856569
852568
856092
851520
853946
854220
853954
854154
856932
854262
855042
855673
855441
856904
850671
853617
856839
852206
853502
855640
853362
853889
854456
856645
852084
850835
855751
855663
854710
851842
852047
5848745
854432
856384
851255
852202
856067
856255
856723
853598
850605
852584
854320
851413
853944
852260
851095
852586
850740
854370
853089
852021
856482
850885
855858
853995
852747
851884
853792
852484
855271
853405
853709
853510
856664
852723
853386
852443
852532
851942
856491
851607
855651
856044
856048
854997
852189
851530
854252
854989
852717
850300
855101
853826
852707
850352
855161
855660
852478
854686
854685
851404
853530
855481
854380
852123
856197
855166
852789
854814
853937
854274
856298
853670
850712
855487
856250
853015
851160
852864
853267
851013
853230
852875
851820
851931
855082
854695
855675
853142
855466
851379
854781
853893
852969
851937
856448
856027
856181
856600
851389
855160
853168
856474
852357
851318
854236
852973
850639
852397
854126
852399
853322
851216
853906
855553
855883
856402
856220
850511
855732
850361
856107
854790
852013
852308
851572
853159
854678
850894
850843
851906
853996
850799
855549
856901
852418
856196
851580
851753
855454
855936
853506
856677
853985
852044
856775
854086
854190
851882
855742
856573
855132
855322
854560
854924
855902
855918
852009
851403
853871
853416
851167
851695
854427
851033
851877
853781
856059
853115
852651
853133
852955
855317
853810
851737
853009
851337
851886
851745
851254
852431
851812
852383
850554
856040
850387
855113
852596
853588
854909
850775
850496
850769
851741
851830
850728
854983
851614
850806
856203
851988
851634
854794
850590
856660
856223
851310
852755
854942
850905
851685
850772
853048
854735
852915
853535
856230
853580
851994
854397
855969
851982
852131
854284
854760
856785
855728
853945
852896
853432
851408
852003
856012
850904
851324
850613
852889
851699
850637
850753
854540
852580
853381
854999
852673
856842
852199
851441
854577
856334
856630
851187
856629
855888
851320
855687
850890
851484
851122
854544
856471
853030
855387
852646
851976
856355
853016
856262
853635
853817
856179
853841
852314
856094
854076
851895
855705
853309
853376
852289
851888
855291
852611
854742
854552
856876
856522
855767
852041
854055
852489
856026
856042
851800
855440
853400
854347
852744
853534
854439
856719
854860
851169
854902
856234
850359
852288
855311
853682
855323
850762
856776
850757
854898
851833
852244
855061
853896
856475
850983
855091
850977
854191
856844
854765
853467
854231
854356
851772
855862
851661
855090
854135
853489
850914
852127
850320
852142
853308
853926
852309
854449
856021
853878
852245
856804
854556
855205
856434
855997
853099
853317
856784
854759
851154
852100
853868
854994
856401
852082
854535
854662
852291
852468
852112
855508
855514
851896
851565
856415
853700
855502
856098
855649
851787
850646
856472
855149
850715
855890
852947
853877
850945
854385
856733
854242
852701
856180
855037
855269
853047
850749
850755
851099
853918
852198
854038
850540
855552
853080
855983
852683
850868
851114
850748
850861
851758
854472
854747
856910
856665
855459
853846
855491
851168
851002
856074
855122
854818
851932
853957
856760
853342
850758
853855
851446
855737
853735
855335
851775
851968
851192
853775
856105
853526
855986
853521
855832
852353
850820
856463
851907
852618
851710
854354
850994
856767
855891
854079
853780
852741
850304
852846
853083
854691
852728
852904
856376
1466469
855338
856354
854821
856083
852354
851807
853332
855473
855302
851482
852106
855946
852205
853330
856379
853329
856380
853777
851481
853994
853956
851130
853629
855665
852868
856883
852407
852200
851407
856837
853161
853417
856175
855410
850440
851073
853108
853550
2732686
855401
852500
855895
851468
850410
856133
855707
850991
853593
852574
856023
853264
850598
853340
851275
854452
853943
853187
854282
851587
855974
853454
854167
853019
856260
851611
855258
850962
850569
850313
856421
856264
850552
853643
850860
852235
854162
854461
855536
855600
853081
852971
854185
851177
853634
851963
855520
854810
855787
851125
853406
851817
853464
851548
850630
854539
855016
851102
856320
850786
854136
850556
854166
851391
853606
853043
852001
854875
851329
852919
852898
850902
851100
855295
855864
850695
851307
852610
852073
851726
852207
853809
853716
855145
856917
851764
850980
852987
851771
855227
853428
851920
850857
850852
850850
850855
851104
851498
856720
855764
853834
853743
856182
850838
850992
856241
852785
856077
853666
856792
856062
856777
855141
1466511
854918
855692
855968
854401
853333
856271
853586
853901
850413
853453
854097
855188
855778
855468
854222
851694
855171
850549
854527
850584
852028
853509
854200
850414
855690
850312
853938
851497
851777
1466445
850944
854702
850688
850976
855840
853259
854656
855257
854381
856462
855977
854114
851218
855404
852471
852779
856849
855147
855724
852016
855771
852180
851117
854208
856313
855874
855603
853698
852421
851121
855223
855855
850664
855371
851717
854321
855599
853195
851545
855754
854168
854157
854116
856000
855575
853721
851635
852538
852006
853348
852852
853051
855689
855043
856921
851672
851660
854763
853109
852734
852545
853082
851113
851412
851698
856488
851627
856137
855427
850972
851916
854904
852419
855239
855489
856681
856131
852096
856158
851950
852080
853628
851582
851643
854035
851453
856561
855426
856848
855167
855931
853859
854342
850964
851981
853784
854285
853701
856079
854646
851214
851939
852187
852995
851591
856411
851181
853458
856449
853934
855616
854270
854513
853851
856487
856128
850303
854762
855055
851923
855420
856544
855560
854330
855226
855786
854852
851967
851425
851346
854487
854518
853335
851893
852544
852777
851211
852688
856209
852038
854043
855662
851718
851727
856536
855534
853856
852884
853260
851880
850553
850326
856864
853170
856002
852095
852921
854966
853532
856226
852325
852312
851360
853825
856078
854445
854335
850940
853555
852529
853421
850611
854409
855960
855039
851414
855168
850392
854667
853560
854673
855655
856311
856430
854653
855951
856915
850974
854344
856168
852109
850691
852620
853963
854501
856428
851894
854399
852926
851064
855679
850412
856649
854164
856053
854926
851499
855782
853202
852724
856516
853393
854828
855436
853821
854244
851265
852872
851325
850458
850406
856459
854895
851809
850920
856786
855652
852194
851263
851813
855332
850298
850507
852257
856169
856403
855584
851334
853667
856689
853827
856369
854165
854531
852170
851978
853354
854550
854748
855476
856680
854247
854746
855281
854696
852525
855567
851744
854941
856426
855943
855755
854415
855140
853423
852676
856019
856214
855392
853849
852753
854286
854484
853246
855829
851126
854317
853059
852895
850982
856764
851917
852751
853178
850767
855569
853544
852990
851678
853194
853422
856305
856889
850949
852305
851261
850709
855886
851197
852948
852732
854428
855980
852576
853399
852560
853596
852004
853708
853219
856461
856161
853359
854417
855077
851720
854404
853702
852811
851665
855833
852953
856898
852780
856433
853122
853942
852614
856228
854709
856460
856065
856521
856896
852672
856539
856806
851632
852939
852599
850955
852752
856084
853608
853546
854082
853713
854703
855268
856041
854433
851774
853266
855408
852518
856022
852842
852255
852139
856652
850499
852964
851518
852019
854436
855117
851135
855795
855565
856534
854075
853636
853567
852241
850900
851929
851671
856520
852983
856006
850649
856373
850453
855981
854881
855131
853732
852556
855096
855126
854124
855558
852390
851299
852389
851537
856625
856321
852660
851219
852521
852520
850349
854731
855884
852883
853273
856700
852593
850952
852704
853387
850527
856090
851861
855403
856060
855139
855741
852124
850322
852302
851079
851551
852922
851058
852344
853930
853706
853349
854813
853863
855289
850561
851686
851158
854525
852438
853062
856422
852129
851420
852902
853434
856548
854021
851935
851683
852854
854725
851220
1466516
851521
856295
856828
855184
855208
853265
852569
851103
853531
853419
853471
856647
855544
850528
856886
855784
850456
855393
852433
856154
856481
853135
855779
851768
855406
851876
851563
850609
856758
852362
854698
854170
853847
854426
850651
854690
855749
850844
853355
856473
856095
850805
853613
856615
856693
854930
855273
854470
852715
850434
852758
850563
851862
852598
854949
852857
854876
854223
856568
853163
855769
850437
851098
851036
852619
856246
853991
854078
851460
856796
851687
855472
854423
851547
852735
854970
851029
856029
855477
856739
856233
851175
855912
852796
852349
854306
852815
851755
855479
850375
851049
854243
855469
853479
853462
853993
850878
854125
851147
853379
851322
856270
854412
855237
850760
855253
853382
852795
855495
856007
852996
855995
851859
856657
856656
852026
853429
853140
851068
852934
854717
852963
854016
853547
856466
856552
856587
855908
853293
856318
856743
856805
854741
855174
851476
852616
852282
853665
855471
852748
852636
856395
852388
850347
853318
851754
852571
853862
851984
854019
851560
855521
854221
855726
853125
856056
852060
851208
853762
855591
855957
852924
856129
856667
856595
850522
855822
856815
856485
851409
856476
852287
855127
853638
854257
855954
855162
854292
853262
853674
852548
850763
850514
851743
853011
853861
856386
853490
856593
852393
856725
851569
850777
850519
851419
851336
852943
850883
853523
855002
856267
855118
855962
854408
851797
852242
855539
853845
851313
851529
856655
852218
851035
851903
850703
850939
851781
855607
856515
856153
850863
853226
853095
852501
850424
855264
853806
856435
852612
855501
854734
851143
854339
853500
854872
855303
852261
853398
853397
853600
