346007
389405
3339
375790
23418
1463
1462
133584
5694
5698
6865
6870
6869
2826
101060233
5956
54328
2850
23596
6010
54329
611
22826
644168
401
8929
10265
8092
1406
5013
150696
8842
54566
57669
97
98
389203
51422
5571
53632
25829
202915
55751
80305
79902
80176
92369
84727
5977
8193
8110
83444
23559
90410
1356
341208
9843
51024
116151
57147
79639
84284
9229
9228
58512
22839
9787
4285
7064
23225
91181
255330
2264
2261
57529
6515
6517
6514
144195
6513
155184
6518
699
701
1660
54505
170506
90957
2444
2534
7525
2268
6714
22937
6468
26259
6905
219899
26995
142940
8665
390282
10452
84134
121536
10131
196528
7268
54970
26035
1644
3067
55572
27173
29985
29986
54431
22919
22924
10982
11069
10411
9771
51195
25777
23353
51608
5276
5274
5270
5054
647174
3053
6317
5272
5268
5273
5269
6318
1992
462
89777
5271
5265
5055
5275
89778
51655
83940
9797
128387
92154
9788
55515
5910
6991
166336
144165
4007
2275
26136
2274
29995
2273
9457
29964
10912
1647
4616
57453
1826
285313
25878
2335
7143
7148
1294
10752
63923
3371
9543
4756
2739
224
218
222
221
256356
57708
166968
54531
4644
4645
55930
4622
4625
8735
4627
4628
57644
4619
4629
4621
4626
22989
79784
4624
4620
54872
2820
10699
84000
283471
3426
646960
49
2159
389208
5624
2158
3249
2160
23230
54832
55187
157680
761
84075
51109
145226
112724
147015
57665
138639
51741
207063
55604
90668
146206
80168
84649
116255
347516
158833
346606
158835
646409
54834
28992
140733
54855
55603
115572
169966
8564
6713
51531
8099
10263
55009
345757
400451
54965
246243
2907
64114
23017
7134
7125
9478
54899
100533105
31
32
284723
9016
7351
8402
7350
253512
399512
7352
1468
6182
22807
10320
64375
7227
22806
8853
50807
55616
9500
4292
4035
53353
4036
4038
4040
4041
91355
29967
344805
6768
164656
6519
6520
2914
2917
2918
2911
2913
2915
2912
2916
846
222545
83756
80835
80834
2550
23011
10218
4239
2219
8547
2220
84929
27329
22859
23284
23266
139378
57211
10149
283383
126792
148789
2181
2182
51703
2180
23305
2147
5340
2155
3818
221191
10747
1675
354
1506
80024
57419
123041
4868
58510
4680
7087
57863
3385
253559
1048
10326
55423
140885
3383
22872
25956
23160
60682
64744
9255
9924
57109
55215
6692
333
334
351
100526773
124857
117166
10816
140870
10653
7046
130399
91
657
658
90
339105
64063
10942
9407
5651
83886
339967
146547
28983
715
260429
5327
3026
3082
3083
1636
59272
6050
9153
9154
64078
81839
57216
55276
283209
51808
8554
9063
51588
10401
57178
83637
57706
163486
79958
171586
84696
5564
5565
113235
283537
57864
5892
23317
10981
23682
8934
22808
81034
79158
5586
5585
29941
5581
5583
5579
5580
5588
5578
83544
54839
100128731
3619
23125
23261
26059
23085
51559
64943
84515
114826
56063
2827
10692
2952
2953
653689
7274
6017
11171
91807
85366
25
5260
5261
4638
340156
22994
134353
64757
54996
10802
10427
114883
114885
114884
114882
114879
10567
1215
51490
253832
158866
51201
23556
8558
984
728642
283820
23420
408050
9973
6647
7024
29842
7342
57822
9132
56479
3784
3785
3786
6096
6095
6097
55790
55454
10174
8470
10580
22833
10811
152503
4688
22795
4811
4053
64093
64094
92960
8800
9588
10935
7001
5052
10549
54949
8208
128977
7290
60468
79786
4907
51280
55284
54928
146956
197342
84967
7276
100130015
11137
9136
54363
51179
283899
585
3097
59269
3096
128611
5359
57088
389158
57048
57047
143098
4356
58538
8573
51678
4354
4355
64398
283652
25769
6427
51693
730112
81
55280
5644
1504
5657
203074
43847
440387
1991
400668
5646
388389
967
7105
7102
441631
977
963
10099
10143
4360
358
359
343
361
362
4284
363
646951
360
366
364
84182
29994
11176
9031
84961
25827
23194
222235
54850
64839
29988
11182
114134
81031
7175
23195
79648
4087
1789
546
1788
29947
8708
84002
8706
10317
8707
10678
55486
2710
2712
65258
23047
23244
10126
10594
4946
4947
51686
22948
10575
220064
84190
6205
256691
25975
115811
51382
6532
388662
28968
55117
6536
11254
9152
253980
83892
10418
10417
80731
8729
25914
79956
125336
168507
28965
80221
129787
1838
1837
286319
4839
5251
79258
4311
3792
60436
7050
90655
90316
63876
4212
4211
79190
100527943
1630
3730
25942
23309
552900
654483
388962
51027
549
55268
10463
2744
27165
23511
91750
344148
256710
11010
10321
140902
51050
8431
221476
80196
117584
64151
347
2632
23081
54987
92703
653659
55037
257236
10203
799
1394
1395
10396
51761
5205
148229
57198
79895
23200
286410
23250
55755
100996761
55787
9659
131375
729201
3906
84569
119180
4069
124912
57151
389852
10390
56994
85465
132660
9633
7284
65220
3945
3948
160287
3939
55293
92483
91768
81928
56949
51056
25945
4162
1538
800
57650
79577
11215
29127
64320
667
23499
5493
645027
2125
342527
6525
5339
1832
11315
116540
27233
6819
27284
6783
6817
25830
6818
6799
445329
6822
6820
391365
442038
4343
54456
9712
654341
729873
414059
84218
729877
414060
254272
353149
51136
96597
23216
26083
9098
50944
85358
22941
9223
55683
1659
8449
9785
1665
55254
55116
89874
84275
7905
92840
79673
55311
90874
339500
91392
57573
7745
127396
7691
55659
7564
64288
10308
100533952
285267
125919
7587
285971
22869
284459
58491
7539
349075
7746
10794
163081
7551
26152
80110
284370
7678
84527
7556
54993
7728
90987
148266
7775
84449
347344
84307
84911
219749
9422
79175
7592
114026
345462
147741
140467
140612
339559
7710
55888
92285
54811
83744
29803
7760
7738
199704
7637
374900
7593
389114
7582
79692
387328
90233
84765
162968
7693
136051
168544
155054
10618
2533
140679
4976
3483
7098
131578
2814
1370
57657
610
10021
348980
163589
57619
357
57477
134549
8468
5746
5972
1509
9476
5225
1510
643834
5222
25825
23621
55323
23090
25925
80816
171023
55252
2647
4744
29063
54842
1879
64641
253738
57593
80775
51585
23189
256949
25959
163782
5584
5590
27036
27180
89858
946
945
55109
55105
4723
1286
10002
7101
5395
5378
51176
5383
5387
6733
26576
6732
63971
23303
23095
10749
547
8891
8202
9326
54680
1511
3002
1990
2999
11155
9260
9124
27295
10611
6473
5080
653543
3218
2928
145258
127343
431707
653544
5307
26468
5309
653545
6474
8572
9877
7273
29100
56851
146556
1605
79707
23491
590
43
7038
2805
2806
137362
27109
55101
2132
121227
26018
9860
54829
10446
2321
344657
25930
5800
374462
23277
7018
4241
4057
1628
3131
7008
54520
23131
3419
3421
91574
25998
55213
11181
8482
54910
10507
64218
57715
4199
4200
10873
54956
79668
56965
10476
54212
54221
646643
388228
65975
100130827
6209
22845
84188
55711
440905
64236
55614
79001
154807
253935
2266
51129
55656
7913
8880
8570
8939
3990
149998
200879
51365
527
25912
10269
23301
254102
84953
85377
79778
9138
23365
9826
64754
23313
7980
56999
1293
7035
153918
51101
25894
65012
55701
153478
85449
115557
7074
23534
9670
54963
83549
139596
7371
64419
202559
10656
10657
9444
7536
1519
1522
1075
1521
1520
1513
153020
255426
221002
23271
157922
57662
57545
100127889
387707
51147
84289
113220
23405
84986
6585
90627
1207
84153
2925
680
4829
84634
134391
2861
1910
1909
728689
8663
51499
89781
2885
10750
54848
25814
59283
27091
10368
27092
59284
10369
131965
55798
79828
339175
55610
1757
29958
55066
343702
286046
114786
389668
25847
79752
200576
55783
29841
79977
283385
9541
131096
23416
23415
3756
27133
374786
643905
1841
55090
2977
2982
2983
23060
57507
221357
2940
2941
2938
2939
119391
9446
7165
7163
89882
7164
84720
23008
352909
253769
317
7011
146845
284434
348932
340024
54716
64857
57480
26030
7409
10451
7410
57580
221178
5194
23229
50649
23101
7204
4168
28957
1036
10533
29094
3965
3964
653499
3963
1178
29124
11100
3192
221092
23387
57787
2011
4140
23235
150094
167359
54861
22834
7704
6534
83401
64834
79993
79772
55784
83850
23344
57488
10874
26503
57084
246213
57030
219855
10050
339451
11275
51088
27252
26249
56062
57626
8139
84861
113730
55295
9920
23033
9980
4141
2052
2053
253152
79852
2879
535
23545
50617
10312
10210
2990
100653061
338692
88455
124930
26090
145447
25966
9854
8491
11183
5871
11184
175
37
28976
6236
28954
3266
2669
161253
51167
84100
10383
10382
203068
7280
347733
56604
84617
10381
347688
81027
199953
4139
1155
57728
135138
133015
3191
92906
284076
440307
79739
51335
10422
84631
84189
139065
26050
22865
114798
8809
4064
51284
54106
7099
7100
51311
84288
163688
810
64400
162517
254170
21
154664
26154
23461
20
10349
24
19
23460
10350
10347
10351
112950
84530
56649
80975
23480
642
119032
11023
2019
2020
4488
2016
137814
3190
57060
54039
5094
54984
91752
219578
387680
253725
55747
653450
154313
10559
51728
79693
349667
5310
8549
114990
10234
116844
23769
100130733
23767
10116
56929
55527
115123
51257
9619
64137
9389
6584
6582
55867
283238
10864
114571
440044
387775
116085
387601
9390
9356
2191
1803
1804
57628
23440
9355
1746
1747
1749
1750
1745
1748
10481
3209
3229
9656
22976
284611
399665
10367
126382
79657
131616
84243
79683
51114
29801
25921
55146
140456
9564
4739
57091
10278
5093
4858
4857
4978
50863
402665
4045
257194
283375
64116
57181
55630
25800
23516
221074
10062
9971
7376
9970
8856
2908
8404
50859
9806
6678
6695
387
389
388
444
253982
57168
27306
2944
2948
4144
4143
949
950
5837
5836
5834
220323
55167
8914
116039
130497
253461
57659
1958
1961
28999
8462
1960
6668
1959
57621
115196
389549
55079
51012
10650
100533975
23439
481
482
483
496
523
647024
898
9134
79935
6811
8717
11200
5681
79823
57118
8536
57172
139728
79012
85481
817
816
814
818
815
85443
9066
6861
84258
143425
148281
341359
127833
6857
8895
5170
653650
22827
6432
8777
10207
3603
23037
7082
7316
7314
6233
4738
7311
10537
55643
339965
22849
80315
132864
55852
66037
1618
1617
57135
57055
57054
55544
27087
135152
26229
112939
7709
9880
6874
6875
7580
403341
59335
1457
1459
283106
84254
10645
135112
140711
55074
83700
3215
3202
3201
3234
3204
3233
3217
3224
3223
3214
3222
3216
3221
3203
3232
3207
3206
3227
5454
5456
5453
4009
4010
5455
4222
3231
4223
1046
3205
3219
3226
1465
8048
1466
7278
113457
112714
7846
84790
10376
7277
51807
79861
7077
7078
7076
7079
114770
114771
57115
8993
1487
1488
26227
403340
284058
151050
7203
3235
3225
3237
3236
3238
3228
3239
2316
2318
2317
51332
28514
54567
10683
10236
10492
54502
166863
29974
373863
4891
6556
145853
8659
4705
6950
51094
79602
226
230
229
7443
7444
51231
101927261
3181
10949
26528
3178
144983
220988
124540
3182
3184
9987
4440
1196
57396
1198
1195
53938
11236
153830
91252
7922
8312
8313
56624
653365
653308
1917
1915
6433
2932
2931
93953
144404
83862
7867
9261
8550
84912
8322
6423
6424
2487
6624
25794
29999
2729
4719
3614
3615
2766
51292
3796
84643
11004
347240
5901
221547
1460
58496
134957
9515
2319
10211
2782
2783
59345
2784
10681
1759
1785
26052
196968
729809
10059
10140
10766
694
10950
54766
7832
222699
1368
1363
1362
1369
165
56265
119587
8532
7136
7135
7137
25820
10425
65082
26276
1781
1780
5625
104
55707
85439
56975
54757
9917
7360
286183
154215
128414
79570
54084
79400
27035
57512
440435
8295
51643
51093
64900
9663
23175
1149
63924
27141
1676
5165
5164
5163
5166
23019
5576
5577
5575
5573
4584
57582
343450
285641
153201
120103
206358
55238
124565
4694
23595
80036
54822
4308
140803
54795
7226
79054
29850
246329
342667
6769
10049
165721
3300
150353
4189
65084
5582
94122
94121
94120
54856
55249
51569
165679
171546
5105
5106
11331
5245
51100
56904
118
119
120
10753
824
825
823
11131
147968
440854
92291
388743
10016
6717
11132
826
84290
553115
726
10223
84063
84623
55243
114132
8778
10461
64768
57466
22828
23211
7456
644150
147179
23254
8496
8495
9516
29965
51308
65055
221035
80346
10290
84033
23363
57538
256158
83872
41
58526
7069
4921
780
4920
4593
4919
4240
6247
8829
10085
285761
8828
131566
283208
5033
101927705
3748
3747
3746
3749
27012
3745
169522
3754
3790
3788
9312
3787
51390
84830
54738
2313
2078
160335
284403
23005
9870
113246
5810
23281
57476
54762
57655
65983
196996
9618
7187
7185
7186
7189
7188
23054
51586
286
287
288
23243
91526
283373
5716
255239
57498
8989
57182
147463
27130
92922
79839
3854
3912
284352
285195
10479
84679
23315
23108
5909
7249
6497
6498
3174
3172
6234
79871
29970
100505385
4882
4881
2986
8767
3000
11035
5451
5452
25833
5462
5449
5460
134187
102
55799
93589
9254
7756
79622
199731
5817
5789
5792
5802
5791
5795
5787
5803
64778
5786
9459
8874
84069
389813
79572
84239
23400
344905
6573
80704
1981
8672
64902
85007
64850
54939
10573
55681
125931
23524
222183
100170229
22987
9899
9900
136306
255967
6708
6709
87
88
89
6712
6711
57731
6710
221692
9749
65979
116154
22864
23518
10777
9053
79649
55700
256714
54874
9322
23048
11252
29763
26751
29993
50618
89848
6453
58476
94241
8927
26230
23268
389337
388507
81563
64423
85462
91010
392862
752
23500
1730
81624
1729
23002
114793
29924
55040
22905
9685
150350
65124
347454
1894
7984
23098
147007
23637
9910
81832
200008
81831
1158
1152
1160
548596
1159
4520
55734
5504
100507444
80316
81565
54820
54715
146713
23543
6785
54898
60481
79071
10458
55971
80115
2161
5328
9531
9530
9529
25861
79955
222484
84708
255027
56913
29071
4660
4659
54776
116729
150274
111
112
109
114
107
27
640
3932
3055
4967
55753
55526
5883
144715
347252
408187
27290
404203
84651
6690
81621
643394
11082
11005
6691
3490
9969
23389
221443
84364
26286
27032
9914
488
487
489
1136
8973
1135
1137
1141
1134
1143
55584
1138
1139
57053
89832
1144
1140
1142
1145
1146
64097
7073
7072
160851
8527
92565
27063
390226
3358
3357
3356
9855
10160
90167
4302
8028
79960
7862
9767
27154
23774
92714
91947
27106
10628
57561
9414
27134
115548
23149
84251
8522
9050
9051
5411
90199
5991
5990
5989
5992
25819
201626
257160
4814
4815
6386
27111
55631
23035
54477
22874
144100
57664
84687
10256
55607
10395
9754
51291
84958
54843
200558
10631
7045
3977
149699
4810
57224
2081
10595
55589
132320
84249
5662
23362
23550
26269
3768
3762
3761
3765
3759
3770
3764
3758
3772
3767
3766
3773
100134444
3763
3769
3760
57161
57162
246330
55777
114785
1609
8526
84959
53347
341350
341277
54915
51441
253943
91746
8938
201294
10497
3420
7436
7804
3949
6653
266743
6493
57491
29953
2028
206338
290
51752
9520
64167
4012
9202
9203
7750
54870
79830
9205
9204
100506144
26511
53344
11102
131474
6319
79966
7111
29765
29767
29766
56203
442721
25802
87178
5725
9991
58155
131540
55259
100131390
221833
6671
121340
6670
80320
389058
6667
8772
27159
1118
5016
1117
1116
4131
1486
886
887
115330
26517
51207
338599
78986
1845
92235
201232
22920
255783
6403
6401
114788
114784
64478
79987
1604
350
3078
5657768
6402
4179
1378
629
1379
717
722
3080
2165
10878
3075
81494
10877
10204
128322
7855
9919
89866
55206
22904
8460
8459
10725
4773
4775
4776
4772
50937
91653
79827
259232
779
776
775
6334
773
8567
130120
1380
5069
26470
58516
9733
11128
7003
7005
8463
7004
8911
8913
8912
219537
8897
9110
55677
79585
100529144
64919
53335
162979
9972
2678
728441
2687
91227
92086
124975
728226
2686
10094
387264
254428
84102
54946
64282
11044
2355
2353
8061
2354
466
11016
9586
1385
1386
1390
594
2267
284
23452
83854
9068
26054
57337
10606
29777
79990
479
495
476
477
480
478
5500
5499
5501
152007
112479
79033
90459
55599
55285
129401
23705
51592
8805
10155
326
9866
27010
5594
5595
5598
55036
10437
26504
54805
26505
26507
7080
644524
4821
1482
26257
159296
7388
85414
50651
57210
51151
23341
6138
55308
11269
29118
4651
51479
25841
1543
1544
1545
9945
2673
1769
1767
1778
201625
1768
8701
196385
146754
79659
55567
1770
25981
127602
56171
7538
678
677
8087
2332
9513
151790
388795
128025
26253
338339
432
93978
84873
2819
23171
6457
6456
6455
10254
8027
51168
23026
115677
116135
65991
139341
55432
5159
2324
3791
5156
1436
2263
2260
2322
3815
8131
22829
57502
22871
54413
57555
1056
54514
1654
8653
7553
168620
10215
27319
128408
167826
146050
126549
51601
528
245973
4154
10150
55796
84872
84876
93129
80228
80700
23321
10612
131405
7706
5747
2185
441425
441430
253650
91074
388468
84210
22881
6041
100996331
284353
27241
6383
9672
6382
6385
284184
93183
100272147
26074
1260
1259
1262
1261
54714
1258
9439
54443
11096
6722
6793
9748
3654
11213
27068
5464
5066
387921
10541
81611
8125
23519
23520
7389
9825
124044
28512
28511
5338
5337
11281
5463
54346
81622
78989
4153
653509
729238
10584
6441
176
63827
375567
5136
5153
5137
54799
83746
22862
7223
7224
7220
7222
57113
7225
6249
7461
25999
1639
6847
725
222194
54665
51430
6550
6553
6549
6548
389015
83737
11060
11059
23327
4734
64750
57154
100505876
328
27301
2194
54995
55636
80205
84181
57680
3267
3268
55568
442117
51809
100528030
57452
168391
11226
11227
79695
63917
114805
79623
2591
2589
2590
8693
56776
342184
23117
29882
404672
150368
144717
59338
55111
55769
7629
166793
7702
7776
9841
26149
9693
51735
6655
5923
2889
6654
5924
8310
55289
1311
7059
7060
7058
7057
93487
57535
65989
8788
79174
57591
57496
93649
284358
55709
57569
117289
55843
81579
84647
3248
221662
23169
11046
85019
340146
2894
2899
8325
8326
11211
7976
2535
8324
8323
8321
29081
58493
81847
55
93650
53
51205
57449
55200
5663
5664
3001
64801
83939
3036
3038
3037
345079
134548
56650
7917
8266
164153
23064
4684
4685
3417
3418
7812
654463
9381
8291
26509
2071
131118
29103
5743
6336
162387
23028
221656
196743
54498
127579
149095
128506
81501
91404
57456
10073
4130
56942
54942
2309
2308
4303
100132074
1305
91522
84570
169044
1307
5527
5528
5526
5525
5529
92002
10490
6652
148641
341880
51298
100506564
3632
11079
160728
8884
6528
159963
125206
6524
6526
115584
200010
6523
6527
3482
27075
6302
5818
1088
89790
1795
9732
1793
80005
1794
55054
89849
3091
2034
64344
6492
5308
30062
60529
257
4008
22998
57504
9219
9112
54831
266675
144453
7439
8301
9892
171017
149076
5978
195828
6879
54457
23731
6718
231
10327
1646
1645
8644
1109
57016
83592
2625
2624
2623
2627
2626
140628
140894
8487
4089
170825
219409
3213
3200
5058
5063
5062
9911
23023
57458
1527
101060234
83733
79751
338567
26960
987
133060
92736
347741
6470
6472
728568
1523
23316
4185
8754
53616
8745
8748
203102
11086
2515
8749
8747
11085
6868
8038
10863
8751
101
27299
80851
9467
5458
5459
5457
3146
3148
3149
127540
441795
10362
10363
100130561
58499
57594
6323
6326
6329
6332
6331
6328
6335
11280
388753
10243
9978
9616
54797
11011
9874
51802
40
9311
6337
266747
5900
5863
23179
57139
5256
5255
254863
57148
63978
359948
64207
26145
347736
51314
26011
55714
10178
57451
79834
747
221955
100130863
5324
59271
84141
55194
25776
646019
220082
54793
647013
10134
55973
7140
7139
7138
51760
25842
55723
6749
9878
9760
84969
27324
6444
6445
137868
6443
8622
5151
5152
11313
10434
127018
1534
220002
79901
23294
56899
140461
3960
284194
654346
3958
85329
2992
8908
8546
55222
90678
2671
10658
10659
11189
60680
60677
56853
129831
26986
8761
1739
1740
1742
1741
29
613
9411
23092
9743
115703
1123
57584
1124
143872
64333
57636
57514
79658
201176
23526
9828
4286
7942
7030
22797
7391
6721
7392
6767
144106
145165
25823
55507
55890
9052
51704
105
103
110532
55342
3609
56129
56124
64072
53841
65217
7095
254958
57455
100288470
101929627
100288562
100288527
81875
283248
23186
55758
9611
4478
7430
5962
4771
9213
6938
6925
6929
1974
1973
22981
51199
91179
375033
84465
84466
8578
7010
7075
22906
66008
9001
2047
2048
2043
2045
2042
2044
1969
2050
2051
2049
285220
2046
2041
284656
652991
390598
5079
5076
7849
5077
5081
5075
6158
10985
80022
64005
9780
63895
26135
22927
7484
7483
7471
7481
7472
7482
4809
7326
7327
997
54926
9175
7786
9897
29966
6801
29888
8816
57465
7041
5829
9404
100288695
79822
6183
27013
2300
2298
27022
442425
27023
221937
2290
2302
3607
286380
2307
2297
653427
2296
653404
2306
2303
349334
200350
3170
668
2304
3169
100036519
283150
139628
85464
54961
54434
150290
1850
1848
80824
11221
1846
11072
1849
1843
85004
387496
65997
196294
3028
1306
80781
56894
56895
253558
55326
11057
83693
51144
3293
57520
23072
253190
94009
54658
54659
133688
7368
167127
7366
10720
81532
129531
29068
64412
151742
79646
80025
53354
55229
2622
58505
646567
27067
6780
3352
3350
3351
3355
3354
3363
150
9170
153
23424
56165
71
59
70
58
60
345651
72
653269
653781
728378
340441
23784
317754
100287399
404785
445582
178
57634
10847
347918
25953
26519
90639
11033
60490
10999
376497
11001
93974
1736
142910
643414
8513
643418
3988
340654
157
156
25836
56956
55840
85403
5687
51138
55833
9898
51058
1952
9620
1951
65010
222256
123228
8647
5244
340273
5243
6890
6891
23456
11194
23457
7703
10336
648
9682
23030
390245
55693
375318
653437
282679
117247
79066
653519
51463
728932
54845
80004
84902
8079
4291
2157
55072
8555
8556
54935
978
51764
94235
2791
2793
54331
55970
2785
2790
2788
2786
2787
2792
5599
5602
5601
5600
5603
1432
6300
55605
23046
79875
54507
9719
10998
11000
9092
57095
255220
27249
5970
5966
5971
4791
4790
152137
257106
51306
10144
393
56907
84501
8697
4929
3164
8013
2099
51805
57188
92949
11093
170691
11174
29843
26168
59343
205564
2752
6506
6509
6510
6505
6507
6511
6512
2023
2026
2027
128178
387712
5592
5593
79598
23639
755
57549
22997
10385
80380
942
80381
79679
941
29126
23308
696
56244
6540
6529
64747
57142
10313
6252
6253
92591
136371
401036
51666
51665
23527
142689
140462
140458
140460
79754
23310
9918
2186
221395
2015
80232
50717
26258
1727
51706
51700
57821
29883
9337
79191
79192
50805
153572
283078
348825
57104
80339
150379
285848
441509
2565
2566
2564
2567
345557
55344
257068
1600
1601
101926921
64849
284111
9058
6561
26266
3241
3208
83988
7447
51440
5957
23413
80333
30818
30820
30819
1211
1212
3269
3361
51367
10090
9653
1107
1108
26038
8467
6594
55718
9922
23096
440073
948
9043
23162
29109
80206
780776
51030
284040
100533496
201158
8492
84695
284297
283316
377047
1755
136853
360200
922
9332
4017
8685
923
84171
286133
4016
4015
221710
8818
54981
389434
113
115
196883
108
27291
203069
127700
2961
80013
27303
5939
5937
3340
8509
64579
9348
100507331
55593
220213
1649
6004
54492
9148
93082
30849
92255
3983
84448
22885
2039
117608
10001
56917
5316
120425
2742
2741
2562
2561
2560
2743
8001
2563
2569
2568
2570
55879
3360
154
319100
1816
1817
134864
9287
3274
1812
526
525
8603
55858
5928
5931
9256
23504
440804
150221
85376
9793
196
3212
3199
7837
137902
8288
4025
7173
4353
29760
57492
8289
138715
10620
84159
10865
51742
1820
5926
6871
5433
93624
7486
22890
23099
221504
57578
286097
221154
6727
80324
1017
1018
1020
983
5129
5128
5127
5218
22876
22908
5204
155
83551
9038
94233
84901
3156
9949
83607
284325
27258
9470
3778
157855
23385
10136
85014
115286
254359
283576
8270
246100
1485
30848
23513
55227
9863
253959
57186
79171
3171
10815
10814
7319
7320
11065
58478
55361
55300
112817
9882
7813
83874
57446
57447
10397
65009
84056
11104
10521
1655
55510
6872
138474
51651
8458
6596
2615
375387
55329
7062
6650
2555
2554
2559
2557
2556
2558
54549
221935
56884
283659
57722
2906
2905
2904
2903
4335
83463
4601
4084
5332
23236
5331
5330
6909
6926
6913
6899
9096
8120
5017
58495
728361
7768
55892
388567
375775
10908
4897
23114
3897
5669
5670
5678
23022
5671
5675
440533
5680
5672
1087
634
29945
50487
147011
285346
90075
57232
65243
604
256051
146198
51710
23660
144348
1452
122011
1454
1453
8019
23476
6046
676
133957
57605
9600
83394
26207
5125
5046
5122
54760
5045
5126
340419
80144
84870
343637
9159
10642
10644
10643
3984
3985
8844
6210
10826
6307
7334
389898
55160
9639
320
321
9546
29072
51105
64324
8085
55870
23067
55904
55209
9739
7468
54904
11083
58508
51230
9423
4917
126147
10319
3908
3915
284217
3918
10844
10426
3737
3738
3736
3739
3742
3741
3743
3744
54464
22803
51005
1993
1996
1995
1994
127281
90550
55013
5496
5494
5495
56257
9895
11234
8106
390748
100529063
599
51454
55198
54989
47
8662
160418
83857
56947
8226
3020
3021
440093
8968
126961
8352
8350
8358
8357
8356
8351
653604
8353
333932
8354
8355
8290
440926
644914
80114
576
57187
1998
1997
2000
285527
10129
8224
6853
6854
22950
29925
84522
84864
79697
6223
5144
5142
5141
5143
729966
4686
57600
96459
3611
673
25778
389840
25901
79140
492
490
493
491
29789
10522
10691
1398
1399
5053
101929036
7054
121278
7166
55576
26091
8916
101929134
55008
51191
143279
6873
2895
374882
11021
4218
5861
51762
5872
81876
10890
51663
23217
4948
392
553158
23779
83478
9938
58504
23558
164684
10810
8936
10163
79647
55122
81609
83891
23161
57231
5814
5813
29942
746
10285
6607
6606
11149
64208
64091
201191
79868
54726
360227
5469
23129
5362
5365
23654
91584
5361
55558
5364
10154
2736
2737
2735
169792
148979
7783
6934
83439
6932
10124
10123
379
395
158763
89839
51157
147807
51545
463
79776
85446
23025
440279
4026
7205
7791
54751
51474
80774
4892
8798
1859
8444
8445
9149
28996
204851
10114
2525
2527
10690
2526
2529
196463
79887
388403
29799
219539
83719
51646
84630
146057
26994
56478
29951
23024
57595
381
378
375
377
9480
3175
390874
338
400499
4774
4782
4784
4781
506
64084
22883
9746
84337
1975
7458
10786
6568
63910
2488
94027
114335
1082
7252
114336
122876
3972
93659
94115
5518
5519
6157
7347
7345
23345
79789
23224
163183
80776
8814
344387
8999
6792
51265
11196
23259
80821
6168
644338
9187
84326
84656
11112
7403
7404
23135
27079
4850
80031
57556
10501
10505
56920
10509
10500
114088
440730
10206
286827
79187
83856
373
84675
80263
287015
84676
4281
80128
55521
8654
10846
50940
84162
6628
6638
8926
164633
6450
83442
83699
6451
8802
9722
400793
4642
4643
4542
4640
4430
4641
283446
100131187
100130890
6895
8575
5906
5908
6237
3845
22800
3265
4893
6014
5912
6016
5898
5899
57826
5911
643752
3910
3909
3911
65065
23218
27443
54103
1758
84259
23142
112812
2230
1355
404093
53831
4544
4543
9248
63036
11330
4293
4294
4296
84451
51776
3645
8737
8525
9162
200539
30827
2033
1387
7182
7181
6258
6256
6257
5780
4925
6428
271
272
270
23039
64901
4585
23145
140453
94025
283463
4588
727897
7450
4583
340990
126374
8994
84962
83715
339768
170954
338699
153090
8831
9462
64926
8437
140809
23187
90102
653583
23584
347731
80059
347730
26045
54974
6503
4067
2976
3308
10808
22824
9662
80705
9221
3898
6949
225689
65059
54518
2887
2888
2886
23013
64783
25822
11080
3337
374407
10892
79368
343413
2214
2209
933
83417
2212
2210
2205
127943
6614
2201
4753
4745
132789
10007
25796
10098
81619
26262
340348
23555
140710
23255
387104
113746
440836
284451
23636
9818
4928
285555
161753
150572
9654
23093
783
785
782
784
10466
3996
3993
8022
89884
3975
64211
80303
79180
55186
1106
1105
100507217
30817
976
2582
4860
9669
1539
2139
2070
2138
2140
3706
3707
80271
9463
4436
84440
9727
10142
5116
51149
3927
28988
10529
4703
3837
10181
8241
10180
140735
8655
4149
5550
9581
23338
9612
645369
399474
114801
9975
9572
5914
6338
200424
80312
54790
9481
9150
23399
1610
8528
728464
64968
58533
254122
27131
85021
9185
473
1822
83660
7094
59274
11091
54554
10607
342125
117532
117531
11322
79838
4683
7701
636
23299
54165
55208
9182
644943
80129
56252
51117
777
774
778
100507353
157378
128989
22982
57609
23181
116931
9968
57479
79832
79780
81793
7097
10333
7096
4607
127294
9172
8736
7150
116447
64645
84641
84278
5002
11338
127933
5530
5532
5533
25977
4899
51111
84787
57602
84132
100287178
100287205
100287144
377630
728379
100287238
100287441
100287364
100287478
728386
728373
100287513
728400
728405
100287327
728393
728369
728419
100287404
100288520
392197
645402
645836
391622
392188
401447
25862
84101
9960
56243
80725
57551
51347
9344
9873
4690
8440
4853
4851
4854
4855
388677
2200
286204
84467
1410
8988
126393
1409
3316
26353
3315
94086
50489
1358
93979
51200
1359
1357
1360
54953
4001
84823
4000
160492
256329
1317
1318
14
50861
81551
11075
3925
3713
8514
9196
7881
10523
5468
5465
5467
54828
4133
145781
81488
100132202
645202
283767
283685
440243
9759
10014
9734
51564
83933
10013
79841
340351
123624
23287
5542
7071
161882
282890
9648
8476
8411
2803
1063
1062
2804
55500
55224
1119
23120
57194
57205
57348
80727
94015
92737
728841
124923
9324
79366
10473
3151
9429
64241
8649
6204
93144
79183
409
408
6295
407
163071
22893
375189
8505
5927
8242
8284
10765
3720
259236
91689
91942
4637
140465
4632
4634
4635
11143
23522
7994
10524
84148
80777
1528
79152
1953
200014
54862
80213
83941
2040
7827
161003
30968
26047
643792
79937
728577
8506
85445
129684
158747
51451
9836
129450
11052
79869
59277
2934
50853
10677
7429
85477
6786
57620
151651
23304
197131
54823
23293
998
391
57381
5880
23433
5881
5879
2553
126626
341405
63892
10975
1806
1723
2494
2516
26040
7789
7692
65251
79759
7652
146540
25799
57541
7743
1315
890
8900
891
9133
4904
8531
51087
5534
116143
5535
51673
122664
11076
25792
6616
8773
283254
55201
2694
6947
6948
8943
27315
64172
55644
860
864
861
101928269
165186
23116
8503
5295
5296
6461
126669
27071
90525
56961
5798
5799
389075
26297
55920
6103
132158
90019
84067
729830
57700
64760
57577
22949
51659
10782
8187
8427
58492
10127
79973
9923
10168
147837
163059
23074
54887
10456
79583
54948
345222
9717
6397
266629
23541
2592
9455
9456
9454
7465
494551
9088
9497
57282
9498
57835
8671
6508
6521
6522
83697
83959
23348
139818
55619
10399
23352
6187
55082
85302
89872
136319
767558
51676
55832
23066
29929
79053
55759
401551
148398
344658
9278
49854
84614
3281
440498
203197
81870
993
994
995
2122
63976
23239
8036
122042
219527
59350
51082
5905
23370
9181
64283
11214
79872
158506
89797
89795
89796
1045
1044
727940
84528
22809
468
64067
4861
4862
9575
8626
10444
64377
83539
9486
285025
50488
9448
23043
140469
25973
6176
10576
3326
3320
7184
664618
3327
441051
541611
93643
57596
79575
7307
199746
115201
23192
84938
84971
389541
23414
353274
832
4664
4665
5193
79139
91319
51009
9131
51060
54332
78997
639
257101
7799
51057
9798
10250
54509
124460
90203
29886
957
955
9583
57089
22980
285203
84892
9040
4086
4093
4090
252884
4725
6911
6910
50945
57057
23269
50804
1977
253314
100131693
5333
122786
79981
2036
5631
5634
221823
63979
6683
55137
79781
93100
2831
124274
644844
6091
64221
6092
54538
123099
8560
203190
283629
83942
23617
83983
9907
8500
8499
8541
8497
5955
57333
813
64446
3183
284129
375611
2120
51513
6625
7919
10212
26115
85461
9632
9871
1737
8050
79411
2720
643853
89944
112937
6558
6557
6559
84561
26065
149986
9477
79595
6916
197370
282809
25886
6907
49856
7006
7294
3702
695
660
6725
5230
5232
7007
51107
83464
80148
50506
53905
1536
50508
27125
4299
2334
3899
26289
51727
203
8403
6666
11166
6659
83595
54345
64321
6656
6658
6664
6657
51293
26020
4037
8815
140836
55651
5257
4099
9499
7412
27181
9772
8910
6442
80199
22929
22928
27304
51714
645969
51081
4482
2959
9253
8650
101928143
114790
11188
5447
9231
3667
8660
8471
57515
347735
10955
256987
619189
2900
8848
9819
81628
1831
84881
53904
80267
9695
51510
27020
682
133418
79017
23515
140688
8715
85409
85407
57719
55129
203859
121601
55107
50636
158431
163051
100289635
84914
100131827
57336
27300
57547
388558
100507290
167465
342892
7576
2971
374655
57567
100287163
64763
84891
7559
90576
7700
51427
57615
79898
80108
55552
57116
113835
7569
7639
90321
10172
125893
388536
7771
7748
90594
7561
148213
340252
148198
147929
7644
199692
147658
10520
654254
10224
115509
90317
10795
7596
90333
57343
91661
7633
54807
126070
284371
57786
7772
147686
58500
84436
51351
23361
171392
10780
170959
374879
84775
91975
7594
162967
57677
284323
81856
91664
10793
162962
7694
90338
90827
80264
353088
84671
163049
7571
7766
7584
9534
440515
353355
147694
51276
339327
390980
163223
148268
79788
7757
348327
7620
168417
79818
730051
7695
84503
147923
25888
7586
284443
100287226
7769
284309
147949
148103
57711
163131
147657
126017
7770
342926
199777
7568
81931
91120
90592
100129543
197320
9831
126068
55762
162966
400713
163087
30832
7673
168374
84622
729747
163255
147687
158399
344787
441234
80095
92283
388566
7581
148206
55422
148254
7562
643836
80778
7733
57474
7711
342909
22835
126231
7767
284390
9310
5506
90673
5507
79660
5509
89801
648791
124808
84669
7375
9099
9101
23326
389856
8237
54947
2935
23708
10471
81614
152519
348938
123606
57185
79815
57335
346157
80174
10926
54205
55466
3301
10294
51726
3992
9415
3995
2107
54868
7405
63932
10257
10057
6833
10060
94160
85320
368
89845
1244
4363
1080
8714
4799
249
250
251
248
135228
718
720
727
721
7417
7416
7419
7020
7022
339488
83741
7021
475
51193
137209
90485
7567
79088
3104
79797
126295
7753
25850
7544
7543
80818
4792
4793
602
4794
26002
51603
79736
150737
92104
6259
11197
10194
128553
57616
64062
54439
23536
340485
125981
55331
7707
79095
5147
2649
10175
254263
149111
29097
23450
7266
5611
9100
154796
51606
137735
58527
122809
9655
8651
5297
728233
10672
2768
6156
7283
27175
51174
54708
6738
78987
23166
7130
7153
7155
147746
220359
201798
81607
79831
3781
3782
3780
3783
350383
4706
10867
7106
23554
26526
9681
7123
22999
140730
9783
9699
6844
9341
6843
8674
8673
54101
55704
440193
283234
54700
730092
1112
3344
93986
116113
27086
130507
65061
6150
29114
8407
6876
1266
1265
1264
128239
8826
728404
116987
11159
11158
401409
339122
5652
7177
27294
54438
644
84726
7916
23215
5690
54453
79890
9610
126432
659
92
93
7048
269
64699
55902
84174
6227
286205
55291
9701
22870
5794
10076
6840
25891
339501
4931
84285
5609
5608
6416
124637
7779
55532
64924
148867
7782
7780
10087
51074
56993
25875
79674
6812
6813
6814
9453
5229
55014
79969
57127
6005
51458
6006
6007
56978
118738
26100
55062
56270
11152
57459
54815
57523
55330
55653
8883
10055
89910
9690
23597
199870
143684
146691
10043
23163
23062
26088
10040
6862
9095
347853
9496
55379
55366
51322
84542
1725
26127
80143
79228
2798
10887
128674
285601
114789
29957
79085
284427
284439
8034
54921
3831
64837
89953
84334
147700
84129
81930
146909
124602
5202
64840
115265
54541
57693
5326
116115
441282
22821
5922
4763
10788
100271927
10156
9371
3797
11127
3833
57576
116412
221785
7490
9125
23632
767
771
765
760
766
763
759
377677
768
762
5793
6649
24139
2009
27436
256364
161436
400954
5825
215
225
5826
5078
388569
9318
8521
9247
22858
4117
5891
9943
23390
54503
6137
55738
79036
84916
6736
84553
645191
54674
57633
150356
339398
57689
64101
158038
84894
94030
9353
9056
9057
8140
23428
11136
56301
57709
23657
8214
85359
151556
64798
27161
440822
143689
55124
9271
11063
6752
6755
6753
6751
6754
4986
4985
2847
2832
4987
84539
57007
2825
2357
4988
7852
185
58503
2359
11251
2837
2149
2358
2854
719
84446
9024
5563
5562
6597
6595
58190
10217
10106
10856
3751
3752
3750
26251
79041
55151
8721
79711
3843
2475
23049
23589
27254
7982
54879
27039
114780
5311
9033
10343
1621
904
905
8812
23373
200186
64784
84246
84988
26051
5967
5968
3824
2208
81035
9902
5068
154790
83998
6920
6917
6919
399511
1852
1847
2823
5354
2824
10316
56923
2693
84928
121551
9158
64431
23221
9886
253175
9085
203611
9425
9426
10455
124359
100996709
100506084
6878
10629
326624
25837
11329
23012
26524
9113
6231
100996747
8621
51755
1025
29954
23753
6388
10585
5709
339896
2571
51380
2572
6175
220717
9935
4094
7975
389692
4901
23764
4097
353116
196383
83547
80331
85479
285126
11068
284613
84138
55741
51260
22990
399909
80003
64430
51290
51614
65125
65267
65268
65266
23139
23137
8216
3054
54758
29915
116138
54455
10244
80755
100885850
10728
100885848
6641
6645
6640
23040
9705
4661
257177
1499
3728
421
8502
219681
1501
138199
1069
1068
1070
51750
83990
8771
10919
79813
79723
6839
6419
5781
5777
384
383
5537
5515
5531
5516
285440
1579
4051
57834
8529
260293
126410
66002
284541
10858
199974
1551
64816
1580
1576
11283
1577
9554
8899
653155
8863
8864
5187
139135
4609
4613
4610
122830
5015
158800
503582
57579
51059
22938
7026
2063
7025
2104
9637
9638
10513
151987
865
4648
4647
81567
63915
8935
8631
5019
64064
4905
4807
4808
4066
6886
100129885
9464
9421
642658
6939
81844
1508
51378
10905
57134
4121
6167
8646
25884
91851
168667
51232
220001
347404
55915
10314
2521
2130
8148
55113
23446
126969
115950
55657
92822
1270
80829
59348
9519
343472
56751
3195
85474
2909
394
23078
10875
3035
23438
8786
8787
9628
6000
55274
6541
6542
55914
6545
57554
84889
284379
6141
57101
196527
63982
391475
191
10768
23382
4052
4054
8425
2199
2192
4147
222663
80274
10516
55119
1193
53405
25932
9022
1192
54102
4135
51763
27124
56623
56938
5090
5089
5087
80714
2893
2890
2891
2892
8763
388611
4004
55885
4005
84548
79134
30837
9306
1154
8835
9021
10078
10474
29101
9263
136157
390031
143506
2146
2145
9252
8986
51126
55586
3703
201595
11113
80254
9738
222962
100132308
56940
128853
6815
11266
142679
56302
55503
162514
7442
59341
51393
1591
1594
339761
1593
57534
142678
330
329
79444
331
112401
4671
10482
55998
56000
728343
56001
51719
81617
1595
84062
55861
79007
56261
55322
730094
9791
81490
23158
23061
54885
11138
27352
79774
26000
23102
23329
55357
2734
5710
8394
23396
8395
266971
7421
6134
140801
221393
222611
165082
266977
467
122953
5226
5925
6804
2054
415117
8676
55975
10083
5174
2079
2395
22895
8447
8448
9501
283871
57026
64077
65117
81689
2597
26330
2631
8508
840
836
839
842
835
509
51122
221391
55154
841
843
8837
8668
8178
7358
3329
1013
1002
147409
64405
1004
1009
1007
1005
999
1008
1001
1014
1825
28513
1010
1016
1006
64403
1824
1003
1015
1000
1823
28316
120114
54798
2196
8642
79633
2195
405
9915
406
376267
93349
10667
6170
116832
553117
6122
6123
4998
990
374654
55582
4762
50674
63973
4761
6572
6571
6570
5862
84932
51552
112398
8190
5867
5870
51560
84084
11031
347517
5868
5869
57403
150786
8766
9230
57111
57461
27314
9079
8861
58497
158471
6836
278
276
277
280
279
9927
55669
5705
5706
5701
79170
10721
353497
113510
212
211
23464
6923
10961
3676
3675
3655
3679
3682
8515
3687
3680
8220
6634
10253
81848
10251
10252
867
868
23624
7414
51068
56603
10525
57647
112970
56006
192111
5827
5830
51555
253714
3633
4952
57128
975
7103
10100
928
7348
55149
1937
10946
51575
79858
4750
4752
341676
9933
56987
23152
60558
9370
6340
5605
5604
3936
5358
5357
4836
9397
3624
3625
3626
83729
7040
7042
1111
7803
8073
11156
291
293
292
83447
1173
8907
10053
5606
5315
5313
9276
55312
4255
5092
84105
8438
25788
84945
51104
58489
4817
2272
56954
7298
902
23633
3836
3841
3840
3839
402569
3838
7879
9367
51209
6697
10202
10901
11014
10945
11015
9275
605
9274
51729
8892
7355
23443
25828
5873
5874
79666
79156
9765
79443
9372
57585
23174
84164
10947
26985
10412
1875
1874
1871
1869
1408
1407
521
7517
340260
137492
55048
79720
25988
128338
55332
284417
129303
4234
8634
150209
1861
27348
27433
64222
54863
81570
159195
54532
63905
3646
11261
63928
54997
64080
6500
80345
7727
152485
23107
10899
5884
11101
4522
25902
10797
441024
8940
4088
5885
642636
10542
1933
1936
55680
57732
2960
8318
90701
23478
445
6612
6613
7341
387082
84552
84612
50855
3303
3304
3305
3306
3312
3310
3309
10733
497661
10552
10095
5432
4701
7114
7117
9168
9087
8896
51477
4512
4513
4514
4509
4508
2618
3009
3008
3005
3024
3007
3010
3006
132243
50809
375287
8345
8348
3018
255626
85236
8340
8347
440689
8344
8339
8342
8346
8343
128312
3017
8341
8349
8970
337874
158983
54145
27129
3211
4536
5430
643664
4603
4602
4605
9988
6621
6161
1956
2066
2064
2065
3640
3716
3717
7297
3816
3817
64376
7634
130557
10951
23468
11335
23492
6181
790
1373
4886
344191
2128
2636
3110
2637
27287
7168
7170
7169
7171
643696
643707
167838
255877
84107
85416
7752
360023
1103
1384
650
652
392255
2662
651
8200
151449
2657
9573
333929
6615
6591
83482
85508
1287
1282
1284
1285
1288
255631
1292
1297
1298
1290
1302
1277
1301
1281
85301
1280
1289
1310
1278
50509
4956
5431
55703
158078
4830
654364
4832
4831
26063
4833
283458
26280
2314
285676
23528
283337
94239
3015
4842
5083
4487
3651
6124
3480
3643
54361
7480
7476
7477
7474
7478
7475
80326
7479
7473
51384
89780
429
56676
430
121549
647219
4338
28958
51106
3142
4825
84504
64240
3198
25806
344022
2018
7498
316
7291
117581
3913
22798
51182
369
5894
26
3688
3689
3695
3690
3693
3696
3691
3694
100505984
9358
5475
4490
4501
4493
4495
4494
4499
3685
3674
3678
8516
5566
5567
5568
5613
353
2539
5682
1938
9343
54626
388585
55502
390992
26048
92595
7716
23119
6935
26137
9839
6098
238
4058
4691
144402
131034
57801
3280
6208
64963
8878
3914
5479
5480
10283
10465
84924
147948
7090
7091
7088
7089
166
79816
26608
2775
2771
2780
346562
2779
2770
2773
2781
1128
1133
1131
1132
1129
5788
5616
23436
3799
3800
3798
847
6218
100505503
442216
200895
1719
573971
124641
84878
51340
5111
5685
5691
64147
221458
2241
2242
3714
182
55349
3725
3727
3726
58498
4636
4633
93408
10398
103910
10627
55359
3397
3400
3398
3399
5727
8643
4535
4537
4538
4540
4539
4519
29896
6434
378949
27288
139804
378948
378951
27316
5935
494115
9667
79811
6294
1153
378950
159163
5940
84172
6908
387332
29085
162494
54933
9028
6999
2774
2778
85417
3801
4778
4779
4780
9603
571
9757
4297
5042
80336
140886
132430
645974
6477
6478
283514
340571
2243
2244
6390
376940
84524
311
310
312
307
244
728113
306
309
308
302
8416
11199
301
304
143471
5688
5683
54729
390010
51450
91464
5626
579
4824
157848
3297
3298
3299
4617
4654
4618
4656
3416
4898
63948
58524
1761
10655
63950
63951
1656
2776
2767
9630
2769
27148
54796
646
387032
84838
7762
7579
54925
79149
342945
7626
203523
342933
84124
7589
342357
222696
100101467
55663
80317
7718
7566
6586
114794
10105
5478
10450
5481
9360
644591
285755
4820
653598
645142
164022
653505
892
400
1104
115827
5864
5865
9545
7092
649
7093
26577
5118
4148
8785
340719
339345
342977
23369
9698
221400
100129278
56163
7322
7323
51619
7321
7325
10477
7324
100131816
84109
4888
100996758
10886
4887
10888
1479
254048
29855
57332
23466
84733
8535
5422
5713
6431
6429
6430
8683
6426
317781
654
655
656
353500
653
3516
11317
7570
81029
7507
2058
7534
7529
7531
10971
2810
7533
7532
6194
811
125972
821
1047
7167
729708
5629
283571
1213
8218
84203
10409
90993
64764
84699
25803
121599
6689
6688
3313
3708
3709
3710
2301
6129
285855
100130892
4733
1819
10096
57180
653857
440888
644773
647156
2869
2868
2870
131890
6011
55554
1496
1495
29119
498
5198
5981
100532731
84333
142
10038
6143
55844
5520
5521
5522
81888
5438
5305
3921
388524
220885
7546
7545
7547
84662
80012
1912
1911
10389
6322
6299
27164
57167
6297
7528
5689
5470
6660
55553
9580
4205
4209
4208
4207
100271849
729991
6741
51574
989
5414
4735
5413
124404
10801
23157
55752
23176
55964
1731
285961
4953
51582
113451
4983
382
6191
6192
140032
794
793
10590
6142
6222
100131863
1965
8894
148
3362
2849
27201
343930
55897
220202
145873
2963
132724
1622
414149
140685
3084
6629
6626
1073
11034
1072
10097
10121
10120
93973
139741
140625
10881
10880
84517
1968
255308
6135
6130
100132167
128
124
125
131
127
130
126
3832
7295
9352
51806
57010
9349
2280
2281
642489
2289
2288
6230
6240
6241
50484
2643
5700
5704
80273
134266
5805
53918
63974
474
4760
58158
4116
55110
91860
25873
347292
4171
254394
6877
27097
6883
6882
391742
6728
339287
10943
6133
642740
6146
200916
2113
2114
2004
1856
1857
1855
705
51366
6531
6530
2821
5213
5214
5211
5347
1263
10769
126520
286480
3093
7332
9246
2957
286749
11036
11037
2958
5982
5984
5985
6418
64061
388951
23270
728403
646817
100289087
64591
85453
7259
728395
7258
128854
728137
157310
5037
5300
57045
5424
151011
346288
24147
2746
2747
2751
23307
5034
2923
9601
64714
204474
121506
529
90423
6742
10787
3071
8239
8287
23358
6224
6189
9045
6203
1040
8760
10171
3692
808
801
805
285051
6206
51300
1558
1562
84305
52
170384
84750
4145
1445
92335
55437
23178
11040
83903
6885
197259
8876
686
8875
55350
60482
3167
8294
8361
8366
8364
8363
8368
8360
8362
8370
8367
554313
121504
8365
8369
8359
317772
3014
8336
723790
85235
8969
8329
8330
8334
3012
8337
221613
8332
8338
8335
8331
92815
3013
55766
8333
5293
5291
5290
5294
81797
6564
6565
121260
6608
25885
161
160
3954
137994
10989
262
10587
7296
2936
114112
3338
54943
9093
7936
735
6648
100129518
56951
94134
84667
79365
1607
1606
1608
2119
348093
11030
7372
64395
118663
4646
10772
1053
1051
1052
1050
1054
57716
6469
50846
3549
6207
3856
2901
6421
4841
55269
2551
2118
2115
2116
390259
79923
51135
3656
9568
165829
2962
25880
57484
55819
284996
79589
26001
148066
11342
11237
378925
79845
168433
170302
6188
402
403
80117
822
5979
53834
54555
9416
400581
9402
55061
56886
55757
64969
5104
8710
327657
51816
339906
729756
7113
360226
79042
5250
78999
11051
3074
3073
84280
222658
126789
83480
9267
9265
9266
27128
2898
2897
1012
1829
1830
1828
9189
1787
1786
9802
55779
79176
7378
151531
201895
339291
4958
8890
5699
5695
8396
55219
339855
9567
54676
220965
55103
9649
64981
6567
7407
57176
1982
8893
4289
283987
80314
26122
5091
5095
56922
130749
1361
55172
55011
120379
138716
54913
343578
93663
1500
5318
5317
11187
10921
687
128209
51621
6943
9242
150921
100129654
11041
146760
65078
654429
2811
341883
81892
5209
5207
5210
5208
56288
117583
157777
64411
116985
116984
100526833
10300
23603
79768
123
10226
5346
440503
51397
9262
6787
1612
1613
58480
171177
79888
254531
64838
252995
65018
23384
92521
135
56241
92270
537
54521
84135
2109
8632
90624
54440
389432
64092
23328
90411
1756
7402
1821
399687
84700
84867
5801
5778
9891
81788
138162
145788
10669
7454
8976
154791
100996928
7453
8520
55351
202374
282974
4126
339416
114876
55333
4342
25798
57599
285429
26094
138009
374286
387129
554
553
5021
552
85478
92749
2937
54584
90665
118788
55024
23034
55095
2547
8775
63908
23220
1840
113878
80761
196403
151636
27156
163175
56262
991
51343
166979
1314
23587
2072
6598
2262
2719
221914
2239
2817
10082
51497
367
5241
4306
7535
6850
6776
6777
6778
6774
6775
6772
6773
1163
1164
652904
6159
84752
192134
10331
100288842
93010
374907
79369
4999
5001
283455
23256
84376
51361
29911
6193
55288
89941
8153
29984
390
27289
1022
23552
23357
90806
162
163
11140
55664
6636
11157
332
79594
8454
8453
57617
5557
7029
7027
51270
1650
5435
10371
10512
6405
54437
9037
9723
5607
8726
5986
3955
4242
51514
116966
84665
54621
6779
522
2902
84858
80139
539
4124
4122
4125
4123
22823
5252
26147
5934
5933
7248
1877
27107
6117
6262
6261
6263
112755
6810
6809
9156
146
147
55031
373856
219333
9296
3718
10188
8711
7508
23493
23462
245806
389136
51442
4173
51616
6880
5888
11144
10195
10736
6495
6496
4990
147912
51804
1870
1876
153443
10360
10361
4869
29121
11078
23164
4846
4843
1582
57404
5471
5428
5110
23016
197407
92912
55585
134111
58525
64174
1800
64180
51239
26287
157567
10248
7554
1120
1375
54344
284047
10249
92292
219970
389396
135154
9452
9445
81618
55578
87769
56654
55596
9183
284904
9869
83852
54497
25938
26523
192669
192670
183
9378
9379
9369
223082
84937
57597
84629
83734
8728
8756
80332
255926
10413
25937
2542
26233
22841
80223
26056
11169
1456
1455
53944
54469
7763
1813
1814
1815
5734
2073
100533467
100131801
80219
83657
83658
51283
440567
1337
1339
285849
81572
83943
84936
112611
10069
25950
84905
11107
9941
3004
79075
493753
157869
128153
391253
161502
84229
169026
7781
55609
79645
23430
258010
57583
29844
25906
143458
388633
51142
400916
2876
493869
2882
125228
5408
318
402682
55325
11340
147808
7541
10660
30012
10048
57610
58506
170589
4247
4768
389400
2674
2676
2675
390265
24142
433
50856
55159
1602
117154
6447
252839
56674
84532
79611
9542
9400
5965
641
51026
127845
4943
57685
781
8450
8451
64847
11108
23274
2799
472
159686
57639
83450
54529
120534
644100
128637
79154
50700
8608
874
255919
6543
54788
79982
202052
8867
8871
5822
4092
4091
2639
3712
167227
387700
162515
9121
23126
129025
140883
145783
54816
63874
51099
51084
3033
4245
6942
10743
340061
5754
55256
56704
57338
57158
84502
317719
9813
4710
5440
100129174
84060
57226
113444
440023
51372
51550
1346
1347
9167
84826
113402
375035
135114
440145
79058
6125
84080
165530
349136
51213
64397
6693
517
518
516
28989
149281
129642
154141
619373
51526
10915
256536
9652
9725
57156
55362
57062
257397
23118
7132
10806
10558
28991
29099
6184
64285
79651
123096
788
9104
1027
1028
3757
90134
81033
53340
4900
94
254783
152
151
57524
57513
1374
126129
386593
84640
57558
158880
124590
257629
79065
10058
285973
55661
5768
169714
2874
11019
81789
1059
92806
200765
9781
255488
645079
1892
55112
3991
55893
619279
56731
64089
3508
84187
1611
92196
11146
23592
221496
10228
8677
6744
112840
401565
5277
11124
23197
51478
54931
93587
6619
124491
100113407
5176
145264
51156
6906
710
5345
871
866
23237
55974
11163
55190
170685
11165
23170
55702
81576
10480
64708
29074
7247
84908
387071
84950
154091
90834
150678
9330
84940
57175
11151
10391
7464
81620
1350
7328
79064
51075
100287171
374666
613227
51751
25994
152206
123346
192286
84108
56980
22847
10868
23032
51008
133686
439
6921
100287483
100132973
2110
22925
9936
100526664
122704
220963
9211
64129
27283
389362
55854
399
280636
80011
152667
90353
339352
132
51053
345643
126326
10755
54810
161424
2021
708
51439
79770
55969
54830
23742
10330
285888
56204
80256
29889
79442
123355
474354
55367
127495
84313
50848
1491
283420
4973
346689
969
30835
51266
10219
51267
22914
160364
9976
10332
126328
80344
9410
9145
9143
9144
23546
2645
80201
3098
3099
3101
79758
6845
1186
55272
51360
7126
154881
386618
8799
5434
951
144448
3732
10103
4700
64975
10952
100287189
79731
4677
55257
86
51412
343521
255758
54543
90141
28977
101929762
55646
10762
25843
1615
161742
200734
399473
6566
29115
60386
93210
51194
26231
26234
196394
55735
9646
8417
23673
8675
23246
727967
4615
114609
6185
57472
246175
26298
4849
4668
2717
51164
25970
10019
10603
7363
10941
7367
79799
7364
7365
54657
54575
54490
54579
574537
54600
54578
54576
5693
5696
122706
113179
55957
113802
388419
3959
284697
79746
84668
285172
55640
28982
84179
375061
51571
81553
151473
23539
51634
51154
6045
672
6015
10293
79133
7690
63925
79706
222234
9391
51506
27336
51071
23759
10771
10978
23378
51029
100288211
10540
158584
2166
11047
23219
25801
80856
80258
114327
126003
22926
1388
4598
84073
81929
55093
1021
1019
6538
285315
26061
10994
23770
55929
81573
5286
5287
5288
285590
10694
150160
85413
9376
6583
6581
6580
55530
80255
3257
622
121214
8630
10170
3291
3292
5959
79587
833
51304
55625
2330
2327
2326
2328
2329
60678
23203
5649
55968
137886
165324
92014
147407
401612
494141
93436
28966
79856
8424
55217
54663
80349
55250
5130
9468
57630
344558
153769
23607
23263
8997
92999
9726
113174
5172
26043
116068
145748
2800
55088
168400
91304
10617
3157
3158
246269
54901
51654
84260
220136
635
5913
728294
197257
64121
58528
84074
340562
389064
8669
10605
645139
136991
124401
284615
8625
57763
5162
79716
9368
9351
79849
8314
83606
2237
372
23038
51529
256394
5267
55588
138151
80325
161823
100
8611
8613
8612
84513
196051
9741
55353
7805
834
440068
837
838
4060
5549
1833
4969
26254
123803
4914
4916
4915
8473
3437
24138
66035
55613
9108
9107
8898
10592
55153
274
51411
273
55909
5717
27339
6748
26508
91408
689
2067
55729
80063
29890
51
8309
23193
2595
10089
3775
83795
9424
5719
5728
7179
93492
2224
7415
145567
57217
3069
84946
8704
8703
2683
8702
9334
9331
2108
79717
54808
8379
29102
7329
22866
154043
26034
5048
23626
4331
26058
64599
55334
55768
8100
23613
127247
5636
5635
2495
53940
94033
55015
22794
149371
64802
349565
23057
11129
9736
116983
9744
116988
6002
10636
6001
3196
8538
2098
9487
4217
9064
80122
51660
27347
283726
158297
83694
26750
29907
9817
80070
9510
11095
9507
170689
9509
9508
140766
11173
81792
81794
170692
170690
4163
83878
90326
4204
5612
9716
81846
6305
6576
63826
79591
84076
7086
8277
79004
55163
9380
2203
8789
22848
8694
6646
8435
1066
7755
339324
7705
79724
162963
9753
162655
170960
79230
285349
5650
56888
90527
405753
57704
6604
6603
6602
59352
3973
2492
7253
1101
5833
135295
10929
81796
28232
28231
353189
133482
10920
10555
10554
133308
150159
4783
9821
8841
3065
3066
8227
3612
3613
440
5071
25797
54814
9742
5514
80742
4201
83690
83716
22974
343069
22913
138046
81605
10054
8566
8398
50640
723961
259282
84450
57473
4589
200132
6990
9361
83752
131076
9061
9060
22978
284958
4014
27297
435
8846
894
595
896
22856
337876
50999
11018
23423
100302736
25960
166647
84435
84706
2875
64131
64132
142686
54093
79918
84193
22
9837
10112
125704
138311
388650
50650
10276
22899
27237
25791
85027
25816
79626
126282
388121
55737
2068
54433
81671
10166
83884
164
8906
23431
197322
8165
10940
5161
5160
9217
9218
4673
4674
4675
4676
645996
266812
4329
9665
53916
100529262
54897
84232
54951
27072
84991
4708
4650
80179
166614
9201
1641
51473
8569
9833
161357
65123
10245
10440
84464
84458
254251
55565
26005
1497
10009
6502
84106
89932
259
64772
64794
79009
11180
4257
9536
79897
202658
123263
142685
85451
64718
29895
25957
80321
9645
57553
64780
222068
54732
163933
131583
55022
6867
10579
10460
55851
23368
7159
10848
83707
84265
10622
6837
221806
283459
8623
438
65108
4082
51264
8233
7310
669
57103
5224
441531
5223
114971
26275
64852
79915
3094
84681
84219
55003
1643
114987
7019
9026
3092
25929
7201
2862
124222
7469
26281
2247
2246
8823
2254
2255
2249
27006
2251
394217
8822
2250
26291
9965
2248
2259
8817
2252
2253
8074
2256
2258
10468
10272
100526694
374308
139411
442213
121665
81502
162540
7275
7289
7287
7288
23474
30011
79729
133690
828
84698
64518
146279
150483
7398
54583
112399
6345
22820
26958
10717
54460
6047
9810
56254
91445
5192
6048
56658
112483
6303
9796
23212
64409
50614
374378
26290
4736
22979
23167
65083
51003
29781
64506
221895
5886
5887
6539
6533
23168
1477
900
901
10983
645121
5660
768239
6439
10577
84871
51696
6201
4653
64841
147699
22843
9647
5319
8399
391013
729330
64600
91272
284257
57678
150763
285498
100507650
22902
80230
154661
10900
144108
83938
126133
90522
10897
285190
729857
729540
5903
84220
727851
653489
400966
81559
55327
64130
8825
51248
84897
4507
3150
54802
9070
9847
54952
2629
7157
7161
7466
84340
51611
9894
11258
6051
64106
3061
3062
7871
10845
57613
83986
29928
23386
10726
51637
65263
5831
29920
10637
8804
200407
8858
114897
144699
56924
57144
10298
728492
8293
10000
208
207
6446
10110
6198
6199
6196
6195
6197
23678
10302
7257
10196
56341
132001
10614
124790
54919
3187
3188
3185
3189
6173
2926
2173
2170
2167
5375
646486
646480
2171
83758
2169
5948
1382
1381
5947
116362
388364
25840
253827
22921
51734
64146
145376
400110
60314
51259
283232
200185
3987
55679
96626
84444
55999
283848
8824
221223
123872
5510
286187
22877
51085
284355
134829
157807
79078
100129924
54962
25874
80746
644006
59342
54504
5476
4712
8452
51649
10565
10564
11119
54556
3621
3622
79016
8260
84779
10424
10857
6897
123283
80222
54148
5824
117143
9054
51540
124944
1854
1540
1389
2271
3030
1962
90736
84923
394263
4582
124989
1834
84065
7051
7047
2162
343641
7052
7053
116179
2038
9333
728715
9584
55147
9764
6675
91373
55744
79709
23127
51148
1353
10891
23082
133522
29979
50613
56893
29978
143630
64779
118812
9827
4301
252983
51171
51181
374875
7923
84869
11190
1807
1808
1809
1400
10570
56896
26073
26273
79696
202500
146923
221078
63929
57150
284361
3029
84264
664
665
83855
136259
7425
2059
64787
54869
79574
55954
51010
84816
9540
1429
284273
84316
63922
27005
373509
127707
390594
257240
57542
114792
123103
55958
54813
57565
401265
129049
9905
7336
387522
7335
387521
8834
84904
89846
221472
121512
2245
55785
3003
51701
7009
27293
10924
6609
4337
153129
390877
55068
10495
23253
29123
580
84250
80167
55266
7726
8836
3276
90826
1182
1183
1184
79730
22818
51226
256302
92344
10939
6687
10730
340075
79642
411
415
410
54880
63035
256006
286554
1031
1032
55907
24141
23165
1340
125965
51629
55972
54977
10713
23406
55298
285533
9126
9091
5921
514
432369
10423
286053
10067
10066
9522
113178
192683
55051
374897
57085
80308
57799
10966
142684
282808
55911
2006
9049
23746
9868
10953
6674
63943
1783
51143
51626
84071
9364
201475
114791
85378
55706
6404
63967
84769
79029
85369
57464
5655
5653
60684
57570
11198
440434
5770
5771
5782
5954
440034
129563
80145
23729
1763
2531
51434
140838
23409
115992
54941
51444
26085
25818
11202
284366
11012
43849
9622
9521
6560
9990
10723
57468
414919
441381
57017
60528
55520
140700
401474
161394
93058
4323
10893
4324
4325
4317
4312
64386
4320
79148
4327
56547
55571
55845
10588
100528021
22934
338657
6304
23314
83538
79624
3930
7108
1717
10589
80772
388323
54020
84255
7494
4883
6202
55573
54741
23484
58513
2060
5199
149465
4326
4319
9313
64066
4316
4314
4322
205327
9706
8408
25989
167555
338094
23258
160518
55667
163259
23141
8609
1316
688
51274
10661
11278
79031
132954
653707
130589
8821
3631
151258
222537
9957
9951
64711
9956
9953
9955
9129
89978
171019
57409
9811
55690
23241
100287932
653252
2002
51318
27043
51605
10296
8971
51227
84273
440400
54840
11284
653361
27019
89891
4216
7272
79155
51116
391059
23732
8189
3376
55699
151525
738
54552
26354
55748
84735
80235
1896
8741
407977
10673
2177
2978
2979
54675
27440
10948
83930
6770
147323
4801
54107
404281
132625
55176
29927
30836
92558
146439
6311
11273
79159
11153
201266
29116
121355
64429
55179
54482
55170
3275
8446
85460
58490
55197
23248
55917
27145
83992
11259
7798
152006
22838
6049
51132
84133
9319
55823
139425
347442
6389
60496
84064
56267
883
90007
64965
347744
10428
130916
57038
5917
51528
3735
23435
501
51218
10539
28970
10279
29952
4221
29926
23112
79863
79837
94107
10972
146167
145389
81539
54407
57690
27327
158
79039
7991
84061
1428
440574
56935
728675
79643
92400
79637
27247
730005
51537
54902
2621
7056
8533
84266
4697
56901
9489
83743
661
83698
284106
57002
64428
26502
1836
387923
27230
101928061
57001
5889
5890
9950
64123
84658
10907
54957
54858
145814
54994
741
80224
4682
10101
64224
9709
66036
81887
10044
8412
10045
8601
10287
26575
8490
64407
9122
56983
5325
7965
9718
1889
9427
54853
3550
80149
85463
340554
340152
9683
23351
7317
7318
55236
56948
26097
9295
128866
29082
92421
91782
6788
6789
114757
4151
3043
3039
3048
3040
3045
3046
3050
3047
3049
58157
59353
79819
57794
10147
27349
6228
3795
57129
221421
64216
83659
56950
57037
83861
7485
95
148811
25864
716
5648
5393
50
3658
48
10026
10651
55740
51466
7408
1327
84701
146059
10938
30845
30846
30844
84920
144245
7555
389874
6238
123879
403313
84814
220972
64844
162333
10299
55016
666
578
596
598
581
55120
9325
7411
1345
23184
83641
11170
26099
6794
2103
2101
2100
64960
83900
83901
85280
387273
84616
85291
85289
3846
100507608
386682
100533177
83895
386678
353332
81850
100505724
81851
83899
353323
386672
386674
386679
728255
386684
728318
386685
386683
386677
386681
353333
386680
100505753
386675
9377
515
4666
342538
23148
83955
6993
50801
54207
89822
3776
3777
8645
25858
27330
123169
4848
33770
83759
100526737
5936
10432
85437
81932
1515
1514
8722
113612
1573
120227
1565
1589
1586
1559
1555
1557
1553
1548
1572
5686
10200
51310
63027
51400
92597
55233
79817
126308
148932
55696
55633
25771
4248
9804
387990
9815
28964
79840
23640
64374
79718
83989
51162
80864
7675
64499
1950
64399
6120
729020
9532
415116
57132
5119
28962
51011
151313
81889
80279
84447
267
54968
79971
79903
56681
51128
11094
54938
115290
145173
23071
80006
25839
84930
6903
6102
55756
8633
219699
90249
137970
577
575
222643
55084
10742
1431
10469
5436
2585
8803
8801
64210
23318
54619
79616
10309
10528
51602
57631
84859
23143
4034
2965
60487
83591
55145
199745
80764
51078
56906
25824
23398
729944
137964
84803
64682
730268
94056
10922
79675
79072
9238
22868
84705
9146
7286
3895
221294
54495
256586
388695
607
283149
83548
55356
57486
2617
644086
3242
9807
51447
117283
253430
5298
5154
5228
7424
2277
56034
7422
7423
5155
23132
83985
124976
201305
5980
340533
6480
84620
30815
256435
81849
27090
7903
29906
10402
10610
6487
338596
51046
6483
55808
6489
8128
6482
56648
1984
143244
4927
8517
55165
10133
9443
84868
4076
65981
10882
165257
338761
389941
23600
643866
147381
140689
869
11135
1811
94005
55239
22933
23410
23411
28227
5523
55012
90861
51155
4678
56160
4113
7216
28986
728269
4107
4114
4112
4102
4115
645864
158809
51438
4110
4100
139422
286514
4109
4692
64110
728239
10916
4108
266740
4101
4111
4103
139604
347541
139081
139599
9947
54551
4105
81557
101060230
57692
100533997
23659
3931
85865
101927446
7520
11097
129880
10324
55728
90634
1267
10443
64979
79002
84253
113251
23185
116840
653643
153643
23412
57050
57727
8328
2672
64895
10914
56903
23077
2587
8811
8484
23332
23122
112574
257364
51429
6643
401548
6642
57713
1939
7156
116986
119016
729092
653268
414189
642517
728127
55038
9792
80218
7737
140432
8618
93664
9451
5610
23512
60491
7514
56521
6827
9986
84817
56898
8888
29901
4081
10586
115004
126868
6834
9354
10277
3554
80034
64651
81566
6734
6881
2653
51295
23208
6860
8774
10419
442206
204
205
50808
158067
5983
8667
51160
1954
10227
11238
56605
30001
10051
3998
79748
375307
51503
3642
84684
51428
7428
391104
55647
64284
53917
11218
57589
6464
25759
53358
399694
51073
1371
53981
100652930
6729
54534
90139
11045
10189
84271
9517
55304
51001
6132
51069
25904
9861
1677
10213
8851
8941
29107
55916
79882
5878
11216
10430
4968
6396
10904
22916
392517
54539
118924
4224
4225
431705
12
3064
83473
9777
9375
4885
79954
10197
5720
5721
5707
84896
11321
29914
83723
79850
81616
23205
80198
2232
90864
1512
55033
2286
51661
11328
60681
11099
5784
5775
5702
10247
26580
54851
57019
23788
23787
58517
29110
9641
1147
3551
28951
57761
10221
5718
7023
23560
23381
6400
80343
9812
23231
5740
80142
8932
53615
85509
284428
653657
653656
125997
4152
729458
6251
145581
79414
57497
57622
3671
340745
345193
26103
57408
8539
5714
8559
10130
81542
55161
54108
56655
4802
6829
4175
9631
57122
24149
283398
2305
4358
2202
30008
129804
340706
83860
129685
6996
4720
1948
1949
1947
1945
1944
1946
1942
1943
7043
7044
9210
51320
84206
92312
399664
2660
10220
9441
1581
6627
50813
1592
2733
55180
9939
23029
57511
118472
27166
6160
5684
1583
55505
25949
5190
1797
9491
23392
53371
6901
7174
79412
200933
1058
9039
51102
23509
51021
79109
29894
2131
2134
8540
25813
2822
7918
23505
23240
51096
55650
5511
8879
10393
9820
9585
9493
51527
28956
11336
90332
7127
283849
91828
23136
2035
2037
1121
1122
84191
51647
59286
64087
5096
57157
10745
10531
51593
6144
641293
5407
5406
92609
55628
10598
130872
3916
3920
968
27074
85360
84144
2235
113278
79581
55065
11177
83475
10081
6902
51491
54487
26151
6128
26027
134526
9735
90780
26108
79763
51015
84245
440275
27102
770
64983
23590
54865
10969
55055
222487
30812
6663
6662
54927
84303
8382
29922
5189
8974
57559
8604
10165
1393
22888
51023
29080
58485
572
11212
136
134
140
2835
1269
53637
1903
9294
1901
23566
1902
1268
11168
84717
50810
3068
154150
63904
285193
7957
55279
151903
163786
401387
1967
90416
91949
54934
54891
92211
63894
1102
91433
79654
10380
79798
3294
160760
57410
54973
51103
148223
79829
144110
255043
9184
164781
23291
55294
8945
374291
28972
56986
54980
10902
493856
55847
1537
374659
29968
7884
643576
54801
57153
80736
204962
22863
11253
23506
29998
8065
51547
27292
10569
11285
57136
317649
10297
324
79027
79269
79998
57102
27309
4528
23367
55132
7381
727947
51250
7190
51312
81894
10286
9130
26240
56945
54677
10015
79663
84263
285175
4137
4134
56995
8455
26033
149708
29899
26086
126006
283130
153328
283600
84223
9627
728780
80301
6945
60592
84456
26013
91133
158135
23649
256281
84287
79576
222698
4023
9388
216
217
219
8854
220
339229
57117
91833
1762
23105
84947
219623
401647
51125
728071
51236
284067
115708
6164
90121
84296
27243
91801
57604
25940
283742
147965
200081
246126
53947
51146
118430
79844
6155
255252
64922
11228
8045
80351
8658
7915
55666
51667
8443
8225
80306
57462
10781
55781
5303
5281
5902
389842
79023
6232
51065
79796
91893
55776
58986
51754
389827
84948
83786
9147
51562
27231
164395
150465
25809
81926
728917
92856
27158
727936
283464
91603
10084
83460
343990
5007
23762
9885
114881
114880
26031
54585
471
91039
54878
79885
51388
115019
83452
284086
91754
10783
140609
4751
23508
283237
148014
55716
64327
55193
9673
259266
23173
254042
5441
5498
64225
51062
25923
53407
84811
153222
122961
129285
199221
22873
22894
115752
22984
254065
55023
54014
10056
26057
404734
54882
8637
60559
53635
81857
57169
79677
51389
26973
26548
10960
81562
64951
51256
6296
10406
5188
9696
84900
146310
140691
51329
8243
27127
23761
8678
163859
56339
388021
374395
8905
1174
130340
1175
80207
29117
8030
57698
6499
25996
6392
8498
202151
79094
494143
8664
5426
100128843
160762
93233
8881
6924
51224
162699
100506888
728929
101060457
203547
9114
245972
83937
9770
166824
1396
11186
83593
283349
972
60485
9249
3290
51170
345275
157506
100128190
340547
58494
64854
79070
143888
92170
79132
57697
83604
64065
55182
84865
27351
55746
2730
162282
84311
85476
55133
84365
10980
84318
670
9875
154865
6894
10621
7542
23210
167153
8886
1662
51362
3052
392509
285598
132946
11267
30834
339487
729898
3422
91734
132949
51635
134145
65990
10724
10322
65992
10237
347734
24140
56342
692312
5032
54536
23233
221927
80728
3087
63946
2017
3059
10928
6546
6547
115207
57528
386617
283518
2197
11161
79705
120892
91147
6731
79783
8666
80018
9394
266722
90161
55114
9912
23616
6838
35
36
34
27034
29960
117246
65985
348158
116285
54988
51204
54617
23760
5306
51150
8315
163115
55695
260294
157285
128308
10420
7016
115098
55278
65265
29062
80210
6631
55234
140856
124925
23544
6448
57724
79733
164312
11081
79883
9527
51692
23283
1478
81629
51255
9867
56660
5589
22884
79582
60495
348995
57587
23683
5587
25865
64425
4689
10885
9086
1964
101060318
23339
9392
96764
25980
4191
84154
402055
51244
284004
23648
23635
170463
9440
56984
79913
202018
57213
1777
58511
56052
200810
644974
285268
5737
5733
5729
5739
5732
6915
5731
11337
440738
643246
84557
81631
23710
23766
11345
11270
201931
84231
9967
151827
145497
400891
337970
337882
340784
3166
8602
118424
117144
22903
90135
53339
55175
2972
54819
134637
23583
4485
566
136242
92140
51765
8428
10494
219988
197135
5742
10291
9942
9694
8992
155066
729
64863
27238
23204
64756
391356
51573
79153
284161
4552
7265
51650
2342
100529261
91612
10169
23213
55959
3423
55726
55210
83858
219293
10284
256297
222894
139322
79135
57495
124512
151194
79609
196483
196541
25895
79091
121952
10613
9044
6601
6599
51025
8909
26292
6617
122402
4728
285
79983
7390
10827
92689
123811
79989
55225
10973
23020
27077
11235
51076
91050
22796
84899
122553
79090
55922
55602
91368
6301
55577
94031
5654
27429
203100
26999
23191
65005
4298
4300
51241
115939
55173
7109
51341
201501
23383
63891
89970
2997
2998
9758
84443
22844
80124
83543
199
533
51018
9688
1802
9512
7384
55425
5394
152559
23286
80014
55841
54825
26167
84131
285141
5146
5158
5145
88745
65003
54812
387893
26146
92935
5756
11344
80335
3336
100132346
25764
8405
339745
3628
56647
6121
53630
83875
112942
55671
57223
80789
5715
51305
60598
23350
10146
9908
152404
214
134430
94236
54859
390882
9779
120526
552891
283971
497190
348174
144321
255119
8991
116228
51072
728556
26284
51247
400961
29785
2091
130106
10519
51684
9194
1588
27232
7511
7512
29934
8724
55697
10623
26268
84306
5134
79157
374403
55862
284349
26974
7761
169841
3608
54187
90853
23469
5184
51097
3980
3981
2954
9382
142827
9399
8464
6884
25853
340578
139170
11064
343099
23276
6863
54978
6795
9212
6790
124961
158586
55786
56142
56140
7802
55627
1584
1585
7162
1181
1180
1188
1187
23207
2872
54778
494470
83451
727857
3163
3162
8518
94026
9883
100101267
93134
6239
652968
79873
159371
55218
124583
51187
92675
112487
23503
55705
64976
1743
1744
90589
23647
27236
285381
100132911
55192
79571
55471
23234
7178
389787
59347
392490
6391
642502
54577
151613
100507855
221264
92691
10560
10190
79691
4174
51253
55297
196074
100130758
254295
5264
56915
90379
8553
391723
79165
57448
65264
9963
9962
151295
8607
51548
2731
89782
9014
56934
7699
63934
51185
29078
10498
80204
26267
374569
118932
100132257
51133
92799
4043
54769
148252
9077
6235
645
4351
79087
9675
5536
55017
50943
54764
161725
56957
51296
51495
22955
256380
6723
286075
548645
6651
79650
11311
4580
345778
593
641649
152992
23371
64759
7145
84951
51780
55818
221037
55806
4670
9904
84324
91748
55809
84215
8548
9317
64601
10159
22992
84678
80853
5253
23133
54620
56941
83443
27246
55658
64219
11230
10670
10325
7988
56259
23479
161779
101243544
84547
267004
267002
10574
57020
150383
200205
25972
9801
90196
55168
94039
51282
9776
10072
582
1348
27235
9775
84321
10910
55343
65008
83636
57696
11201
157570
114799
51426
5429
55203
55207
127829
100534599
387509
11255
59340
146862
55898
84277
114049
155368
51271
84993
5283
23065
100302652
100526835
645432
51733
6633
119358
55027
64864
5993
23154
94104
6936
23376
79877
56943
9805
79634
90507
255520
55531
643923
84173
51184
54707
55835
140290
55164
64318
253635
8576
285605
27069
160428
10840
91647
51773
55388
8833
122618
23646
200150
26155
54932
51202
81575
9761
84128
195814
4913
6118
29935
4547
57560
51371
2794
114899
79102
10668
30850
1039
83696
29058
9552
5547
10109
28973
79801
81626
79912
9928
79084
23397
56931
7552
10654
83461
9731
8813
29880
253724
348180
390916
51493
387885
146849
10671
9328
11062
54877
54499
22985
93380
152815
168451
79944
79613
23743
4548
100528064
79807
49855
3670
64843
28998
4048
6342
121441
10550
201965
647009
92345
64755
123688
56912
57325
100303755
56996
1464
114817
10128
57703
8317
5796
5797
11122
65094
91137
89876
10102
91419
54557
6449
285782
55148
5439
548644
246721
1978
144363
166012
50515
113189
55501
55157
51690
152100
2764
9535
84292
22822
81543
8409
8731
1810
84516
2873
11232
10193
401494
6152
2975
10954
56910
58488
55814
4715
3476
8568
23076
374868
10079
126526
54512
54516
9617
3652
347902
89765
1798
92017
81555
285525
126755
57463
386724
389816
440699
57611
166378
617
112752
53919
28234
6579
338821
10599
11309
6578
127003
55621
137392
339145
403315
729073
53838
9844
79767
63916
80135
25782
79177
163033
26471
27248
10956
124997
201562
9200
222229
201164
80162
219771
151195
414194
5961
6094
118491
256979
140732
6676
84342
9374
3081
84954
114803
23279
51013
161582
57130
3425
23644
79726
388512
10462
10632
267020
55070
6944
54867
340481
114823
643847
26472
54866
81706
94274
55181
9658
51222
126375
7625
440519
84661
122481
55831
29105
197335
51507
275
23567
84460
79698
79750
64393
25946
151126
201181
122769
3396
84964
27229
54780
493861
10421
125058
115825
57590
51533
55632
84295
51131
327
25804
4190
130752
128077
167410
8192
84978
257019
1352
56926
9097
55611
78990
25831
9320
55750
8543
4864
29881
56919
9784
169166
84331
348262
84268
8086
91646
63926
84619
64745
1632
6747
10449
38
39
140890
56916
51077
56652
9419
54784
10988
23481
2664
2665
51542
2528
11333
55143
8807
7850
11141
8808
9173
3556
23324
51399
23625
51258
128869
10199
26156
84874
55689
10818
10817
285489
9046
1796
79930
4669
1603
84233
55863
16
57505
26164
5877
90324
57721
79644
10923
388591
66005
645877
64145
101928934
8705
51110
23041
144568
27151
2
6166
100529097
51019
6635
149478
114781
26153
55083
10157
65980
5858
57094
51302
79035
64859
55130
150709
57707
116224
159090
159091
7979
3155
54511
26009
79892
9889
100381270
113763
10274
10734
10735
442578
54441
442582
64940
8089
4604
221830
55127
26271
286151
164714
100526693
26140
10093
26574
100142659
375056
4253
100128553
643854
64693
340307
117153
441294
51020
2030
55315
3177
1329
51098
8534
10164
4166
56548
9469
23563
9435
84844
125061
1616
11070
51409
29104
25898
79143
9321
26123
79867
79600
55135
10113
221143
5201
401207
54461
6992
255374
4534
8776
27341
91695
51524
190
23001
57705
25983
151056
116443
79694
149175
51004
26610
6293
29090
55296
9420
4726
55032
113829
10467
3704
9526
2762
26128
9533
6341
9997
50485
84083
79590
2580
9829
9615
51652
7844
100526767
6832
255928
83851
401135
94081
81855
94097
118980
152330
1272
5067
53942
6900
27255
92305
8661
387787
85406
81608
79008
548593
26953
23111
83880
54623
79744
339829
3364
135458
5875
375743
155382
84140
5692
64781
375298
8877
56848
29980
80019
92181
91608
10633
6165
65080
3141
9937
64858
64421
84317
6009
121268
57661
9169
10459
9689
28969
51091
22995
56990
56882
23521
100287887
645683
115817
10484
10483
9442
79893
55339
51715
5524
51095
28960
60412
54969
168850
9984
662
84976
85455
57540
389207
643226
4889
5540
647264
2966
730394
728340
51234
10807
169200
84944
23300
64748
9890
54886
79948
163404
25790
1653
9563
5832
146429
84343
439921
5437
57679
259173
80854
94103
29095
94101
440138
8483
8720
255738
90480
341947
1351
23608
23609
7681
166815
55720
51504
391358
27000
3382
130026
56977
219736
57107
51112
63935
5195
9409
79145
10311
285331
80298
4704
93517
100288072
50814
157739
127435
633
29088
79034
27152
5558
22944
5929
84913
85440
81704
57572
10179
54033
150962
124995
79735
64786
29070
10556
64118
29800
653082
401024
81693
10963
10535
84262
339231
123016
56928
84888
285242
3359
170572
353174
9177
200909
706
222642
54475
23451
10345
51134
55794
10898
642843
81554
653375
11193
11103
79791
28990
5442
55773
387338
54888
2967
51699
10487
10486
116150
11049
81556
9373
81890
22930
7386
100128525
25963
84910
51642
201140
25979
84294
29937
56946
90231
728138
6904
92370
54468
11022
64083
55204
100129480
284098
55967
10092
81873
54883
23557
285282
4172
2538
57818
92579
7866
3475
91452
79777
11277
55559
11219
399818
317762
11007
114800
55660
25766
10992
92342
254887
4718
100532726
55775
130617
90637
55770
4716
80119
51520
57003
4957
256309
54908
55081
57119
140578
2356
339390
1209
81037
55205
9640
55275
286451
26017
55140
9678
4695
9896
5555
132200
60625
2339
9538
84315
22879
8780
83732
79939
9906
728661
90506
10238
158234
23262
9677
57460
333926
132160
23059
56902
100534593
8924
8925
84833
58509
84299
6415
55034
51031
875
283999
84320
23042
54606
348654
128486
161247
317749
728635
25978
112858
26024
100526740
9551
51398
9570
5203
23091
51319
54905
56889
64769
79727
389421
9700
5036
80347
4085
5427
9576
285343
23658
160622
9595
146456
59336
257218
51639
3842
30000
57862
29919
23355
51175
81691
51119
55245
79003
2295
2294
94234
23551
201163
996
29079
60561
256471
10664
140690
11231
142891
166929
259230
126820
4796
79836
164832
91694
79188
6726
653226
8635
51035
23190
10775
9856
79932
84918
10527
10526
51163
84890
9401
80146
23483
9862
26225
221079
390790
51061
79048
9728
5828
80262
6782
55764
23265
11167
54976
23331
23144
54517
83448
54662
5191
58477
26098
6059
6730
84645
30009
285521
5018
5860
55850
92399
286423
5723
27095
100128327
4800
54753
126208
390637
254956
51281
744
758
25876
9636
25871
25896
9865
23768
3630
3481
3479
1024
23097
129138
124801
90809
55529
54467
2987
10233
136332
4698
11325
51166
282991
51124
10153
153396
54929
7353
6574
6575
203054
57143
8985
5351
5352
7337
4524
2519
2517
55795
171568
146330
1801
114907
26260
8029
114902
26150
158787
115948
84960
56255
25941
164127
54849
65095
9140
4711
51386
5724
283989
210
6611
57819
26015
7260
2648
8850
5238
5373
5372
6632
100129492
79719
8175
161829
55052
23463
51364
203062
28974
80217
9948
143941
100137049
100137047
8681
1627
51028
55094
401509
57209
10776
2029
83440
84461
64782
3669
139212
11282
11320
25834
152586
81550
80010
9931
85441
57120
8434
57586
1503
56474
118490
8504
2956
26121
140823
57222
25879
51633
139562
81533
375449
22983
23031
2968
10813
9724
5082
5132
100529215
148156
84529
51123
10240
147111
55617
80150
5236
5239
6746
6399
10597
56937
753
9141
4157
65993
149041
54542
378884
124454
8565
79631
9562
7385
9482
84759
55125
53343
197021
3938
9365
152831
57733
9197
7251
84186
85364
28952
128272
26084
9790
167691
150082
10979
55612
83706
51000
79641
3284
3283
80270
440606
128102
4729
55763
29091
79886
125988
27089
9128
55692
51631
51747
80153
80762
54602
9403
4129
1490
4856
3491
8840
8838
8839
4924
11056
1201
219541
1738
10352
10861
115111
116369
55622
64949
84126
80726
5030
2840
1880
2151
27197
29909
2150
2857
5029
79866
56970
552889
400569
26747
64422
51022
2745
51121
6154
24148
200931
27037
79979
245812
10695
55739
55064
54558
219927
10162
10282
51272
285600
5545
1308
25939
26046
25926
26355
221303
55324
23
55178
22878
4942
55283
255231
57192
6720
163590
26092
375757
22936
153562
80237
79629
100506658
118460
5708
26003
64689
396
397
398
18
55004
2834
115399
65999
1635
81602
286207
55901
2483
284802
25851
56891
29780
55742
64098
130612
55035
64746
283578
7399
9180
3572
25909
285116
57510
55860
493911
162466
118672
79080
64426
30813
153339
56900
100129118
4724
80155
79612
63931
9704
9166
253260
653333
85002
55199
645332
285834
79802
606495
64215
23053
65249
57643
57688
90025
6821
60673
23333
283417
286148
147991
7293
6407
7516
51070
164284
147495
89853
93343
342035
169611
10439
25903
93145
283298
10562
56944
118427
119548
90441
9913
55872
27338
57508
339230
440026
90407
1842
26579
64771
138241
64848
22907
55906
79962
8562
10641
29035
79685
8819
79364
29093
151963
79919
23306
100131211
6637
9475
6093
727758
6555
347051
8273
6554
201780
345274
414301
84301
55754
644444
161291
545
5591
5335
5336
113026
23228
84812
23325
3295
132851
1983
22897
10438
642538
26053
57666
80209
55727
79712
5412
9209
9208
10884
5049
5050
11222
4597
908
10693
728489
55005
10075
10061
474384
8263
474383
11162
55152
143884
79794
126638
83932
199857
200728
51228
84725
65977
51054
9671
23302
339166
9879
1629
55319
10063
4713
54893
54545
10903
7682
10201
64432
653247
5544
55848
6898
8732
54920
26235
64978
51596
254552
283927
83877
27250
11073
114804
23295
55191
6309
79621
23223
10403
23080
586
587
26520
26515
91683
84081
23576
23564
84274
5711
2512
79586
54480
283358
338707
54432
78992
84312
25855
740
79934
56997
9993
56033
54903
51377
7874
5356
8082
118987
5976
79670
137682
118426
540
538
84955
51014
353376
2530
6119
729515
9789
79876
115704
79447
9686
128061
7841
137695
26130
255743
390928
155435
9055
54739
146223
54918
51090
5355
152189
123920
112616
51192
116173
55722
23395
114783
11054
84298
646644
9293
2844
144233
55623
10478
23585
757
55299
153527
7920
140701
152518
130814
58472
56683
2184
10445
663
85300
149428
55277
64417
51433
9524
253017
221960
51622
9488
55174
100131017
51006
153642
412
414
5279
26119
10454
10289
10209
6610
9703
136541
123207
4606
4608
343263
55733
57467
4722
8078
8975
85365
50626
85395
286826
1376
60488
55102
23130
90313
116092
1634
55856
219670
9846
2549
128954
139716
340665
84310
64434
11319
83640
26160
1130
4236
120237
440097
375323
375612
222662
80194
10767
26589
51691
5425
57539
9609
83871
100861437
6147
56969
51759
51534
5546
85025
2677
51501
389677
10137
9921
81790
115416
3145
60526
27342
9479
23542
80184
25911
79020
56344
143187
51455
90390
30851
9282
80895
51645
54785
988
5774
63875
27044
56311
554226
51130
285237
285362
25870
79568
134218
10184
10186
51172
347732
93594
5000
219743
51067
140825
118487
89958
401251
57478
124739
55131
4702
90956
154743
91283
374618
8725
90850
340529
338751
863
9139
862
79625
115024
51251
51373
745
196446
60560
9215
2074
9578
55561
1760
645739
6136
26173
152002
345895
81492
23645
84919
10239
1176
348110
100526783
8727
221545
8563
6888
27042
22911
85318
85319
51108
65109
65110
3978
196513
55802
645832
3032
25915
11017
9342
55100
348793
51522
81853
28978
645843
645203
143686
27244
83667
84545
5289
3672
3673
23404
54914
25962
113419
8480
5396
54496
27285
345630
11179
11279
84279
8021
114928
7264
54940
132299
10328
51016
80208
51475
10138
23429
6229
9406
6217
25821
27340
26873
10111
7818
115352
137872
10025
205428
79742
2801
440295
653641
440270
647042
653073
55889
653720
100996439
23015
342096
283768
440233
101927601
727832
100132565
283796
728498
728047
729786
389072
9842
7357
10959
284339
160897
390205
376132
57470
27335
375057
4709
9730
79047
284252
65987
147040
200845
8857
375616
7455
402117
84267
112869
613038
388242
27257
260425
79917
23426
9135
79874
285180
116541
829
830
93661
64795
64777
285074
79147
84839
10518
117286
123876
387755
60493
116064
9258
79363
64785
57125
84898
513
128240
374887
28987
390212
64223
55884
26118
6745
727957
133558
339766
377711
140699
83876
642475
374977
60626
55188
4863
57720
56927
93550
124936
8882
6605
10139
55813
84445
11178
9762
23138
84549
51118
55226
29997
83881
80712
5538
57171
9711
80183
10036
10260
9909
6764
22898
125476
92105
644619
84895
374986
51604
6760
51188
26039
4330
6425
6422
2193
9277
54881
51517
26019
79947
10652
254528
8615
4707
116442
54734
115273
54704
57546
220164
55715
55816
220077
9474
124245
283635
400823
728710
10042
23531
221938
55246
440957
339344
7110
139760
4158
4159
6310
342371
10229
100526842
6139
92715
4714
51042
27101
10634
246176
2620
283431
9188
189
285672
257415
51079
57649
9692
10785
6830
126119
9929
91012
253782
29956
79603
204219
10715
10262
23312
1657
124842
114795
92293
121256
54972
57521
51337
57221
28985
80852
55346
255394
6954
100996648
100996631
84749
8733
22832
338645
9590
203522
26512
55511
441519
441521
541466
728911
80055
11224
22931
51277
338917
135935
3273
85015
10600
201627
414918
138050
93627
10246
85456
8493
51263
150590
10436
55761
9553
23070
64921
79050
90580
5819
55825
4150
115560
148418
90378
6887
64928
23063
57018
81669
23335
256764
57418
78988
112936
9559
54442
79734
23510
101928375
23275
55341
8577
55687
23471
9697
133022
130271
57475
63897
57798
10514
23214
65260
6169
9412
79753
80342
64753
374354
261726
1891
22887
55810
2299
399823
10640
8456
121643
29796
100506742
197350
23581
55686
643733
114769
9094
84747
4176
10273
114822
85415
4361
1642
85313
2137
157769
134510
5930
24137
285643
63893
101929336
55183
1979
10987
7873
441549
5876
9550
534
127124
1827
10231
11123
7267
1663
440081
642846
7084
1716
1633
1434
9589
7515
100133315
10933
9643
10934
10152
10006
51225
159
122622
11316
29959
340371
4798
24144
5859
25920
10714
91869
23517
91351
81577
9525
27183
26521
1678
23594
