180100
179526
175750
172826
179329
172147
177363
177971
177971
186169
180997
179821
185423
178844
185423
178844
185423
178844
176677
181736
189836
174556
187928
177528
177088
176416
188454
181438
179536
179447
187546
179763
173297
175160
184284
181726
180897
172072
182614
187948
172072
180897
182614
181726
4363033
175507
175890
171849
173124
176813
185685
178987
176597
175587
179922
178987
175587
173500
178510
172071
186372
181281
188733
186179
183848
189783
178583
174128
174526
179720
179830
178122
179100
180162
176121
181324
176121
181324
173162
181668
173164
184167
176353
173163
180376
177386
173979
172351
176622
176008
184559
190740
175500
180992
175500
174156
180767
179534
179535
176793
179533
174194
181562
177469
259441
179627
183957
179628
173346
178132
179627
179628
183957
178132
179627
179628
183957
178132
179627
183957
179628
178132
178598
178597
174942
179627
183957
179628
179627
183957
179628
189126
178028
188340
175864
173671
188911
175859
189976
178069
175528
173081
183860
174078
186400
176352
178182
182849
171782
178434
174712
178299
177648
176773
186855
189112
177858
184917
187678
176773
177648
186855
189112
177858
184917
187678
176773
177648
186855
189112
177858
184917
187678
187434
190914
172427
172586
171915
353491
190639
189973
176460
177021
176720
174545
185563
176499
174848
174848
175253
176490
175242
177518
181596
177922
172478
177678
183650
184903
173650
176222
183650
184903
173650
171814
190214
183650
184903
173650
188421
177793
180557
174414
180017
174648
174358
173306
176801
176890
190231
173053
191509
190110
187152
182212
177180
185826
184340
173002
179029
188150
259487
180022
180631
171941
172414
176979
181109
186797
175599
179912
180844
181109
186797
172252
172252
187001
175691
176056
177999
187001
175691
177999
187001
175691
178680
179026
177999
175820
187001
177999
175691
175691
187001
177999
180824
182414
191348
175339
181252
172855
176032
173912
179890
179185
187398
173912
180821
175920
175065
178822
176874
184431
182392
174542
174633
174542
182392
171659
184875
172462
189776
188129
171659
184875
189776
177112
177852
172464
183650
184903
173650
181666
266859
174516
177613
177612
176916
190325
176620
176596
190217
176524
3564805
173919
173891
175822
171952
171952
173304
175376
178989
184091
173121
172180
180713
186194
179387
181163
175376
184091
180713
179387
172553
173701
186194
171691
178982
3565580
179454
175604
174698
182479
176139
184441
176583
181544
177528
177088
188454
181438
179447
179763
176416
173297
175160
179536
187546
3565947
180983
171870
3565862
173341
172180
173121
180713
173069
174291
190293
185740
172587
177681
172232
172232
176250
179366
183121
183221
180589
174467
180744
183121
179366
183221
182074
182366
186169
179821
191555
175645
187089
175047
183870
175048
180997
179756
178844
185423
176771
177622
179540
181681
179540
181681
175801
177595
191609
175801
177595
191609
191608
177217
171765
175121
191632
191609
172301
177646
175908
180830
172636
184416
175599
180844
174375
175121
176392
183311
171765
171878
174758
183628
175162
180767
179440
183628
171857
177504
177325
180767
174288
3565442
177504
177504
175650
183522
171882
176697
175247
3564886
187628
177097
266915
171683
173809
172812
179836
179836
178154
181121
184935
181121
184935
179667
179667
179667
179667
179667
179667
179667
179667
179667
179667
179667
179667
179667
179667
179667
179667
179667
173346
3565366
3565366
176666
177256
178070
181067
176498
174031
176498
174031
177256
176666
177089
177004
177795
182114
179189
172748
178754
172800
176498
174031
176666
177256
173176
176512
173307
175793
173454
188252
179246
189705
180311
180763
173956
189705
179246
180949
179450
175591
181413
179464
181205
178330
176921
3565022
190777
171735
178005
174050
177989
178561
3565232
177106
171807
176540
171694
181278
181276
3565793
179352
3565824
191004
179796
173176
175120
179189
182114
173307
179796
175120
179189
182114
173307
173176
174728
173176
175120
179189
182114
179796
173307
191132
178830
176178
2565704
179541
175299
173134
188925
175716
174059
180718
175605
177038
180956
172673
184920
172195
179352
3565793
179306
187290
176102
179862
177186
190293
173376
173969
172230
182346
176770
173307
176770
173307
175917
190339
178182
173081
178559
176352
171782
188911
178069
175859
189976
175528
174078
172825
176566
245996
189355
245996
176431
189355
176431
189355
174201
173155
187530
179456
190429
245996
245996
190429
259544
173442
176271
186798
174125
189698
173155
190429
259544
173442
186798
176271
174125
189698
173155
190429
182128
178966
182987
190566
182127
179741
13224720
187961
181761
188907
183165
185096
191363
180756
3564888
175436
174751
183650
184903
173650
184903
183650
173650
177793
177388
184126
260226
181444
180251
180917
180947
172711
188918
179349
179245
6418662
176573
188180
179350
6418768
179348
178486
186227
177620
188703
172532
177042
259844
4363051
175997
181423
180361
181423
180361
179420
174153
174372
181257
172054
176380
186960
176402
180410
183022
181256
179404
179405
183957
179404
179405
183957
172054
181257
176380
186960
176402
180410
183022
181256
177345
174278
175849
174751
175268
353411
172530
185685
175686
181195
175636
174230
176201
172141
174278
259570
176344
6418789
178548
174267
177904
171723
177987
176307
3565059
174744
180181
177646
175908
178892
179841
179597
179726
189032
3565540
181348
178113
187477
181348
178113
187477
178851
181633
185086
181574
175983
175346
172133
186392
175277
175346
186392
175983
175277
172133
171906
172021
187518
185685
171906
186299
186108
174024
172613
180943
181891
187425
178220
181379
174039
180409
181202
180408
180289
190710
181677
178939
181587
180691
176180
175532
3565969
174838
177880
190251
176410
179255
176134
174901
175810
175210
190256
171936
173752
185152
179556
172171
179249
179559
179725
172468
178032
172342
175018
172864
173832
181406
172101
176624
181172
180530
13222206
175671
176368
172595
172101
13192290
180798
177527
173023
175559
189841
186662
172614
187465
179362
181150
179361
189842
173755
179973
172026
178463
266825
187229
176802
179824
177196
178658
180624
175737
184969
186621
180492
181058
176220
178491
176811
181064
181065
181064
181065
176375
179829
171747
178025
178543
179035
190055
178889
181682
174912
179035
178543
190055
178889
179881
13192683
185624
180126
173081
176352
178559
180056
172668
175669
180717
174067
175540
171833
178552
172614
178614
179715
177143
177945
182789
185545
187699
184373
176390
178997
183650
184903
173650
179572
175385
186617
179415
178484
180890
177497
174673
181729
266829
190484
174385
181444
180947
260226
180251
179210
179247
182635
6418790
191310
189740
179211
180250
186613
178750
179302
182511
179209
180917
175372
175870
172174
174136
182756
180505
180504
179001
175729
175085
259738
175086
175086
175085
259738
191744
176504
179557
180655
179013
172896
183238
177571
177767
177768
177769
181023
174802
175938
173818
174057
174189
180915
181572
179459
182429
181215
186197
259617
181209
175107
186587
184055
177937
188894
186586
3565786
177513
177379
175674
180570
175626
181045
174713
190078
179643
178184
189127
176514
173776
175244
186598
173233
179976
173233
179976
173233
173945
177510
191646
191649
172850
172246
174314
174516
266859
172956
191425
181153
259373
174192
179808
4926960
185740
190293
181490
177692
180657
175205
178846
180798
177894
179736
180611
172145
188904
176335
179722
187699
182041
183642
181776
181775
173449
187114
173233
179976
175481
6418647
176466
178214
176806
179413
179878
174058
176143
171838
266900
173956
174233
186939
179462
174309
174624
172586
177213
184717
189172
177160
172260
172565
172029
176486
186044
183546
174516
266859
176374
176774
181472
171911
3565046
172639
172869
172715
184727
184005
186223
176359
181057
184006
191089
179789
172868
179103
174310
177003
173782
177994
176287
177994
177965
171993
180040
176287
173782
177994
177965
171993
180040
176287
173782
177994
177965
171993
180040
176287
173782
177994
177965
171993
180040
176287
173782
177293
173211
177994
177965
171993
180040
176287
173782
177994
171993
177965
180040
186646
172399
176287
173782
175315
178693
172432
178970
181421
180628
187733
187737
174363
182435
187739
187736
187357
182434
173661
182430
188614
182431
191470
182436
174541
187735
183470
182432
187732
187731
187738
183471
189507
174502
174888
188615
182437
179121
187942
187741
171936
3565921
178551
178552
178550
189855
178549
186015
36810
182148
172850
176457
173370
172946
173405
172508
173405
172508
173405
172508
179106
173148
175634
3565010
177534
266845
173152
179849
172622
191632
179546
179948
3565057
177685
177141
176179
177474
3565411
176437
176437
176437
171745
177658
182148
180873
179527
3565400
179150
178877
172888
183295
178979
176434
175442
176341
181399
176509
187481
173946
177761
172906
171657
178640
171867
173518
179201
176841
171860
184023
177779
189814
177779
189814
184023
173656
173956
175636
175940
176766
177891
175376
4363058
187900
172190
175969
174675
178403
176099
171966
179316
175647
176440
176784
180923
176715
188574
173299
174899
186814
174712
178434
175693
3565081
176930
173207
175186
172913
2565700
2565697
2565701
172832
173237
173237
176707
3565338
175828
259504
179550
175495
185648
183248
4363046
180236
183247
188355
178065
189467
188360
174522
180838
188356
188358
187068
188359
184473
184472
188361
181462
188362
188357
179156
179935
184847
172097
179168
190551
177530
179969
187658
184910
186796
178854
175358
178797
178795
187323
178794
179060
189783
188733
186179
183219
259467
175554
171621
260236
171926
172978
176774
172978
171911
172610
172610
176532
171803
175675
177342
173744
175798
179564
175452
191101
179031
179032
186277
185044
172644
172186
172637
187640
3565475
177879
176131
181486
179521
179584
174504
178296
174836
190441
178454
179224
178412
178477
185463
177703
179183
178476
183235
174960
178478
179584
174504
178296
174836
178477
185463
178476
183235
190441
178454
177703
179183
174960
179224
178478
178412
173755
178463
177196
179973
172026
266825
176802
187229
179824
179457
183391
180384
188728
175559
173023
189841
171911
176126
185704
171936
3565521
177798
184069
259943
4926921
4926895
187321
190381
3565521
259943
172196
4926921
174118
184069
4926895
187321
3565521
259943
172196
184069
4926895
177798
4926921
187321
174118
190381
176335
176826
179483
191347
172833
178547
176806
178845
171656
178542
176010
174518
180069
174862
174689
179227
3565979
175540
180746
178171
176507
180614
175730
174843
176266
188041
189434
188777
189674
3896817
177998
187540
172582
185690
177286
184307
176215
179171
181554
175217
173855
176175
172529
172670
179241
172393
181510
179615
172882
2565702
177243
179728
177243
179728
181110
176000
181467
181111
181543
181408
180279
180734
182248
173511
174301
175914
173374
175231
172664
174394
191627
174843
181136
175471
174674
172965
175471
179936
177245
173374
175231
174394
191627
174843
181136
175471
174674
172664
179936
176807
180028
180027
191627
178487
6418817
177245
4363086
180028
179936
180027
176807
178487
6418817
177245
4363086
177245
174155
180079
172759
186587
259617
175107
181209
186586
186197
181215
184055
177937
188894
174713
178730
179893
176992
177794
181249
181250
176993
191631
181503
178868
181189
190139
171781
176317
184790
179465
188611
188752
182781
186353
174820
189185
178782
189063
186355
179059
174104
185739
189483
177953
186354
182583
182107
177312
180085
179234
179888
177313
173821
174098
181623
188751
183346
178781
186721
189488
186565
181777
179308
184290
180300
189054
189487
188070
189486
178718
178594
178730
191093
186667
180295
189204
178894
3565248
183067
189943
3564981
182914
183598
174576
180642
183066
178120
3564777
180855
181066
175706
181579
180042
172409
178160
180655
175223
172405
172896
175223
172405
171888
190611
172245
179855
191138
172414
172361
177054
179897
175083
176943
175469
175966
186756
177054
171810
175966
174418
176088
3565160
176943
175469
186756
190186
172357
173778
181319
173432
171887
173269
176857
181859
190868
174665
181892
175556
179079
171958
176924
180315
178321
180315
191373
176169
177413
259365
171628
184312
179910
179291
184422
174651
176276
171888
190611
172245
179855
171941
172414
178952
191138
178996
172361
176465
173839
259704
176817
172402
176556
176018
3565884
176018
172915
179438
174140
179314
189077
175417
180160
181527
179880
174340
178130
178130
178130
176061
179089
176913
176207
177135
172199
174692
179404
179405
179404
179405
174840
179842
176322
180940
173414
174908
182050
171801
176765
183993
188022
183650
184903
173650
175540
173065
175745
179506
175192
174764
174764
178387
183900
174215
188807
183901
186856
188808
173288
175152
187433
187433
177914
174809
187150
179502
176067
177336
181644
175822
3565222
172986
174876
6418739
172767
3565578
187888
173156
179179
186332
186255
189244
171797
191070
183912
177673
172929
175921
175152
173385
174649
175475
186854
174737
176753
183978
176874
175960
176439
179688
178077
176544
179652
174860
173368
173734
181268
174071
175809
172631
176051
179000
176034
172357
171743
174474
172434
3896852
3565809
4927037
188555
175387
179963
191613
180304
176989
186015
173234
171688
179963
175387
178274
181026
177841
176620
176916
176982
190217
190325
179616
185334
173331
183479
177120
174774
353489
6418705
6418775
172124
179892
172794
172124
353489
6418705
174408
179892
175922
187460
3565343
259606
3565151
190923
172041
172593
179798
172681
178194
176702
176704
172279
174154
173410
173332
173968
177435
175367
174665
181892
186486
173657
183295
172888
178877
179994
171921
173577
171666
172908
171669
171668
172557
189076
174751
182576
190821
182575
176370
182354
176464
186680
179271
171619
180364
178453
185569
188617
179173
188793
177985
4363100
176046
176209
175337
171696
171770
181047
173985
180241
181044
175975
181044
175975
176120
178419
179522
179522
172743
172743
175851
174956
186541
191043
190607
171705
174042
175398
172024
173172
186581
176348
173067
179331
174387
174138
174137
174606
188661
175138
176094
183174
175533
172720
175138
172858
174346
176002
171809
179878
173213
180703
177807
181905
184864
175565
181904
188971
175090
175155
183367
183948
177320
177787
190207
177321
178532
186426
259739
177787
177321
177320
186426
190207
183367
183948
178532
259739
177787
177321
186426
183367
190207
183948
177320
178532
259739
182278
185203
190775
6418855
174683
176687
172143
179669
182929
173499
173524
173509
178300
177324
177550
173022
172751
176958
179213
172372
178145
172799
172799
180423
176055
173985
179010
190293
185740
174423
174423
179634
175968
181358
181577
181577
181577
181358
181577
181358
259343
181577
172649
183953
180844
179940
184041
183970
174183
178990
180306
187285
353400
175108
172172
176679
172039
179040
179935
184847
172097
175069
3565273
175833
181228
179028
173062
176731
188748
186602
173045
179537
172672
181886
191049
260026
189371
174053
174183
184041
183970
172172
179727
173450
174339
186061
188360
188361
188362
188357
189467
188355
174522
178065
180838
188356
188358
187068
188359
184473
184472
181462
183247
181886
175358
178854
176241
178171
180746
172372
178145
260287
259317
173325
180307
188279
180307
188279
180307
188279
172372
178145
260287
259317
260287
178145
259317
179213
174423
174423
174423
174423
174423
174308
179801
190477
179801
190477
180843
187988
171611
181652
180517
181597
180517
171611
179096
173281
3565873
183194
179088
173976
178088
188065
259502
172368
191319
171912
189489
181724
180766
182056
187995
181497
181458
186633
190941
189781
172535
171800
175916
173917
174963
176534
173346
172433
176147
175472
180724
172039
190648
176765
173320
172023
266822
172147
177363
181428
180712
174216
259414
176485
180486
178658
189090
171924
183917
4363044
171925
178738
171628
3565030
178597
178598
190485
172258
186440
175966
175902
174463
187433
174165
179445
179043
173820
178751
179330
174472
3565680
171714
180375
188659
179913
174156
180701
181138
178190
179999
180281
173696
172780
180566
180122
172719
178281
260136
176533
178112
181777
176441
176317
171917
177680
177680
182874
180663
174026
184697
177008
174655
188156
172620
180494
186581
174709
181099
191093
174101
179561
186667
3564941
190640
184409
185630
178835
191634
179752
179113
171974
172963
171974
179752
179113
173160
171974
179752
179113
173160
173160
173159
180371
174721
180663
180357
173740
182874
174026
177267
174721
180663
180357
173740
182874
174026
177267
191093
179561
174101
174709
181099
186667
191093
179561
174101
174709
181099
186667
191093
179561
174101
174709
181099
186667
180170
174130
3564822
188077
3565709
186841
172131
182092
178596
176491
177958
179845
177954
259380
187290
177136
177137
173832
182148
172850
176109
6418622
173827
173375
178934
173214
186286
184919
175493
181369
176840
179946
175842
175842
175842
180950
174181
174881
191734
179772
3565470
179529
3565068
181244
172088
172405
181697
173075
190553
180744
174467
180589
174190
173306
176801
176890
172118
178819
174002
175751
172968
181108
186188
171608
186188
171608
181488
181082
174303
181353
183547
180055
174708
181054
181807
4927040
178194
172681
178194
172681
178194
172681
190922
172749
178339
181648
179926
178097
177862
184599
174194
176462
176059
175545
181373
172653
180738
173248
176173
3565355
181580
4363076
181893
183219
188733
183847
172339
173366
190308
171880
189783
173990
174578
3565504
180601
174603
174578
3565504
180601
174603
3565504
174578
180601
174603
178089
178046
173227
177897
172256
177126
181788
173171
177631
173762
180525
178723
4363084
171755
177649
187181
189732
184470
176735
185981
192084
187167
189599
178134
178921
177935
178849
180910
186195
171755
181562
175297
187528
178756
181492
176552
175506
183650
184903
173650
171814
186240
176870
176992
181250
176993
177794
176992
181250
191631
181249
176993
181503
178868
179893
176982
176620
190217
176916
190325
183325
174803
172483
172355
177895
173617
172881
176688
174506
179472
190051
174953
189655
181334
174452
175587
171920
175098
176078
175873
179748
179880
174340
172643
183902
172486
174012
178960
175047
178844
179821
180997
175048
186169
187089
182074
191555
175645
179756
182366
183870
179395
177567
180860
174296
180600
175091
178402
175311
180721
179880
174340
175368
176609
178217
176609
173231
178217
174449
174821
179655
177238
183540
189998
174998
178617
175658
176254
180542
174778
178067
180723
189194
189194
180723
172190
173075
178791
181540
178639
181471
176877
186015
172500
171802
3564833
181727
181788
177126
184920
176979
171941
172414
173136
175080
175738
181402
172864
175018
180644
180119
188365
177639
180644
180119
188365
177639
3565201
177794
181249
176993
176992
181250
180756
191631
181503
178868
179893
178452
178505
180875
177808
176407
174839
177783
174839
177783
173927
173747
180984
171685
181766
191230
3896777
171685
181766
191230
3896777
178828
181766
3565697
191230
171685
3565697
191230
183974
3896777
171685
176662
178828
181766
171685
191230
181223
180818
178299
179364
180400
173848
177632
174515
177961
175915
175915
177680
176443
174145
188685
179342
178283
174145
188685
179342
178283
179437
172533
184903
173650
183650
177793
177388
184126
184972
176044
173819
172505
179806
176865
177931
171675
179319
180527
171687
179746
173759
191659
181442
172269
179731
179075
175377
179546
176865
172505
179546
171675
177931
179806
171751
172645
179219
181157
179319
181442
173759
179731
179075
175193
173250
178286
176399
173272
176399
173272
172509
190107
266853
13184808
3565275
172285
174736
3565629
179519
172305
180911
174998
177765
178019
174386
174377
188131
179714
172267
176649
190436
188280
180308
180484
184981
187630
187542
188313
172983
190801
181178
182513
184981
187630
187542
188313
172983
182513
190801
181178
184981
187630
188313
187542
182513
190801
181178
172983
187190
175442
184416
175047
178844
180997
179821
179756
182366
175048
182074
191555
175645
174319
177604
180880
174203
174805
178507
172757
174806
174368
178873
3565569
175449
3564805
173919
174438
174493
175467
176259
177466
176503
184331
176503
184331
190586
183911
190243
175196
184405
13190517
353420
189575
190225
183000
174726
180406
178084
175253
174672
185473
176191
259478
190374
259478
190374
190940
3565805
180556
180444
172471
177845
175629
181406
178316
181091
3564790
182185
173986
181511
182185
3564790
173986
181091
178316
174900
181511
3565805
180556
180444
172471
175629
175139
3565412
174986
176454
180856
174924
174924
177794
176992
181250
191631
181249
176993
181503
178868
179893
178866
186584
177390
181545
181073
172242
179993
179339
259800
175028
191678
179261
175034
191676
179265
177521
175025
186671
191549
178056
172860
180073
191669
178048
184112
179339
259800
175028
191678
179261
175034
191676
179265
177521
175025
186671
178056
172860
180073
191669
178048
184112
191549
177212
179340
186670
191679
179262
175026
191675
180072
184117
191681
175033
175029
185332
179266
191670
186326
178049
186251
179340
179262
175026
191675
186670
180072
191679
184117
191681
175033
175029
185332
179266
191670
186326
178049
186251
181057
176660
191672
179734
246024
175030
186325
191668
177628
191673
184113
175031
180074
184804
181821
186250
184200
184005
181057
176660
191672
179734
175030
186325
246024
191668
177628
191673
184113
175031
180074
184804
181821
186250
184200
184005
191680
175027
188792
191671
179267
179233
191667
179264
178066
179341
179260
175032
178055
178050
177522
191677
175027
191680
188792
191671
179267
179233
191667
179264
178066
179341
179260
175032
178055
178050
177522
191677
178550
189855
178552
178551
182148
172850
178550
181247
191651
178552
178551
189855
182148
172850
173435
3565955
181368
173385
175152
176458
172802
172801
190778
172954
175966
172672
179677
180017
182874
173740
174721
180663
180670
181907
177267
172981
174026
180357
172331
172047
180232
171696
177316
181723
175039
174811
175288
172330
177968
179884
172454
179026
178680
173500
178510
175699
175766
173300
183650
184903
173650
171814
173574
175709
175709
173574
181574
179420
189536
190195
191093
179561
174101
174709
181099
186667
178040
178171
174093
174122
175540
185241
178956
176047
176047
182812
173124
177157
176574
175184
179557
181457
180326
185241
184760
176628
191743
177611
177610
174489
191169
176889
177460
176866
178518
177462
259571
172099
177405
13197791
175130
174282
172547
172642
171738
183226
174285
174285
183226
181518
171738
177316
174810
183946
183946
178986
187463
191093
179561
174101
174709
181099
186667
186828
176213
172881
176922
179612
172833
172053
179720
184809
178550
189855
178552
178551
182148
172850
177101
177392
175514
175551
180791
175524
181620
182416
189993
176582
181853
175061
178226
172891
175210
186440
179971
178014
176019
172264
180723
172078
181055
174288
4363023
176710
177280
173078
190192
181471
176877
180574
174755
186015
178314
172500
171802
3564833
182017
181727
175717
185099
175316
178507
172757
174806
174805
174203
180880
178507
172757
174806
174805
174203
180880
178507
174806
174805
172757
3565569
174203
180880
3565569
172757
174806
174805
178507
174203
180880
178507
172757
174806
174805
174203
180880
176195
174033
181422
178873
3565569
172757
174806
174805
178507
174203
180880
178873
176195
174033
181422
178873
179971
176019
178014
182284
177924
182284
177924
185876
181455
182284
177924
189705
179246
174388
176515
185872
171700
187290
176690
178980
175787
172751
173022
176958
173022
172751
176958
186195
187181
189732
184470
176735
185981
192084
187167
189599
178921
177935
178134
178849
180910
187181
189732
184470
176735
185981
192084
187167
189599
178921
177935
178134
178849
180910
186195
187181
189732
184470
176735
185981
192084
187167
189599
178921
177935
178134
178849
180910
186195
187181
189732
184470
176735
185981
192084
187167
189599
178921
177935
178134
178849
180910
186195
187181
189732
184470
176735
185981
192084
187167
189599
178921
177935
178134
178849
180910
186195
187181
189732
184470
176735
185981
192084
187167
189599
178921
177935
178134
178849
180910
186195
176735
189599
187181
189732
184470
185981
192084
187167
178134
178921
177935
178849
180910
186195
187181
177935
189732
184470
176735
185981
192084
187167
189599
178921
178134
178849
180910
186195
179662
178921
178634
173525
186195
184470
176735
185981
178134
177935
178849
180910
187181
189732
192084
187167
189599
187181
189732
184470
176735
185981
192084
187167
189599
178921
177935
178134
178849
180910
186195
176735
189599
187181
189732
184470
185981
192084
187167
178134
178921
177935
178849
180910
186195
172751
173022
176958
186195
187181
189732
184470
176735
185981
192084
187167
189599
178921
177935
178134
178849
180910
3564822
175300
176250
187181
189732
184470
176735
185981
192084
187167
189599
178134
178921
177935
178849
180910
186195
190377
177744
183742
174558
187181
189732
184470
176735
185981
192084
187167
189599
178134
177935
178921
178849
180910
186195
187181
189732
184470
176735
185981
192084
187167
189599
178921
177935
178134
178849
180910
186195
187181
189732
184470
176735
185981
192084
187167
189599
178921
177935
178134
178849
180910
186195
174527
180685
188992
187899
171704
266819
172888
183295
178877
181528
172430
175598
172655
181311
177775
177775
181311
177775
181311
176142
177254
171769
172584
179374
171792
175353
177536
171972
181175
177537
180776
183124
175202
259546
174322
174322
178536
174871
180393
176755
180464
175966
179089
176913
186440
175966
186440
176373
174367
176373
174367
179165
173169
172837
172837
172850
186892
190206
180514
184201
177095
174758
177533
179555
175125
178504
178504
175125
175094
3565440
3565440
171621
172110
177457
178834
177457
178834
177457
178834
187442
172614
172052
187809
180980
188138
177102
180102
175548
266854
174317
174046
173096
185192
176919
172420
178207
182863
172477
172477
173241
174792
175882
172382
185680
183643
177970
178284
172822
13198854
183643
177970
178284
172822
13198854
183643
177970
172822
178284
183643
177970
172274
190016
190013
174622
172488
172268
179202
175320
172779
191426
188657
177856
177856
173294
171986
172660
173424
180530
181172
13222206
177453
188740
173002
178054
181674
181672
178387
172546
177425
176138
174305
3565637
173985
175088
180262
173118
179737
183040
175572
173071
173076
176742
173070
178395
176739
178344
178344
179524
175944
178970
181421
175944
178970
181421
173769
175724
175458
180206
180205
173525
178849
180206
175458
180205
173525
178134
186378
175770
181076
173694
175057
177543
175890
177934
174702
177416
175739
190510
175739
177416
175739
177416
190510
187149
190510
175739
177416
180983
171870
182084
175919
177232
174812
177985
176761
175082
3564937
175547
173693
176241
180983
178171
180746
175837
177577
180583
179335
180583
179335
176420
174608
176118
174608
174511
175399
180015
3565407
180673
176991
177659
3565407
180673
176991
177659
180673
3565407
176991
177659
179202
172268
180864
176991
177893
174750
172213
172784
191697
177685
191555
171998
182074
186169
179821
175645
187089
175047
180997
175048
179756
178844
172891
186263
174087
179960
181853
188528
172891
186263
174087
179960
181853
184565
172891
177341
182416
179768
177276
174354
173804
173865
174004
176989
171688
175638
186015
185203
176989
171688
177921
186015
185203
181471
176877
186015
172500
171802
3564833
181727
172779
175320
191426
188657
174701
181464
181317
181264
181373
175545
180050
177560
175193
3565011
178286
177560
175193
180050
172253
181495
180050
177560
175193
178286
179459
182429
174189
175938
174057
179412
173051
172333
173358
189911
177499
4363064
171963
183676
180819
180065
180703
177807
181904
181905
184864
175565
188971
179274
181488
190206
176526
190400
175862
180707
182148
180873
171784
181247
174244
186662
189841
181248
181398
191199
175760
179912
176877
174755
171802
3564833
178314
182017
172500
175863
178068
181244
172405
181697
180608
174144
176877
179912
174755
171802
3564833
178314
182017
172500
179948
3565057
177838
180865
175683
180608
174144
178550
189855
178552
178551
182148
172850
179657
187655
177770
3565068
190948
190634
172443
179649
176825
181166
181244
173914
185997
187844
175977
185998
183867
179424
181524
3896736
176016
181299
176016
181299
176016
181299
176016
181299
176016
172744
177984
172744
177984
191044
172182
187345
181141
181007
172758
174374
179115
180264
178550
182148
178552
189855
172850
178551
175545
175967
181373
174553
3565931
176546
175578
173404
180883
179109
180743
177660
177902
180743
177660
177902
189370
177616
175996
259475
3565684
188918
189773
177554
175681
173239
173389
266646
179884
183197
172423
175732
183197
172423
175732
176005
180859
176785
171643
180859
176005
171643
178677
187666
176785
171643
178677
187666
176785
177918
187742
180859
176005
180859
176005
176785
171643
173811
175561
172320
190307
171610
176918
179584
177213
184717
189172
178052
174319
173948
172655
172656
181399
186276
176121
172514
172070
174033
181422
176561
3564813
177729
176758
178176
177123
177528
172966
176643
183473
3564968
173734
174071
181268
175831
172102
175436
173517
176220
181058
180492
178491
176220
181058
180492
178491
180770
179839
171749
176523
179833
174700
177393
178303
174193
180047
190601
177988
177393
174134
182509
178846
180798
177894
181274
171893
190893
172857
184441
176139
174246
183652
175285
178401
172652
178546
171814
183650
184903
173650
186240
184126
172655
180582
176537
181761
183165
190498
176842
176121
176842
189061
180425
183431
174245
189721
177046
172468
172342
172953
176758
174939
175903
179947
187181
189732
184470
176735
185981
192084
187167
189599
178921
177935
178134
178849
180910
186195
175125
178504
185216
187181
189732
184470
176735
185981
192084
187167
189599
178134
178921
177935
178849
180910
186195
175125
178504
172223
175125
178504
175125
178504
175125
178504
175125
178504
175125
178504
175441
178499
180591
181129
182093
187872
3565350
180749
179632
172178
175079
177128
178468
188968
353384
177097
3565862
173341
174514
178583
178583
178071
2565700
2565702
171881
172814
176323
174460
182875
180309
180450
180309
180450
181497
180766
181724
189489
187995
181458
186633
3564901
187995
180766
181497
189489
181724
181458
182056
186633
181458
181724
186633
189489
187995
181497
180766
172683
187536
183461
176562
186299
172636
180010
179842
176322
171793
174841
180010
176385
175552
178831
188150
172511
171817
181492
176552
175936
175936
175936
179041
172231
176211
175616
180056
178522
190369
190115
171694
172288
174204
171639
180056
178522
171694
190369
190115
172288
174204
171639
178482
174997
172937
177981
179685
180430
174264
179854
186322
190635
177929
178286
174785
180717
174067
175774
174622
179445
188311
175682
176320
181194
176145
178064
3565572
185213
179091
173353
181217
190101
178481
187322
180729
186047
180728
174338
179606
180729
180728
186047
174338
178927
180729
186047
180728
174338
179606
175710
178935
172759
174155
180079
173241
183847
180756
175485
3565834
183847
185718
3565834
174058
179878
177893
174155
172759
180079
174155
172759
180079
177355
177354
177389
181370
178446
177355
177354
177389
181370
178446
174155
172759
180079
174155
172759
180079
191736
179938
190192
173078
174739
181573
175051
190454
174476
181644
174968
6418709
188484
174681
191360
185684
184341
191359
175529
179561
190310
172917
174830
176548
172339
173366
183539
181714
181580
4363076
190308
190310
172917
174830
172339
173366
174288
173967
175895
182292
184337
182291
184934
173930
180632
185096
182278
185682
181043
189074
180773
172405
171872
180251
180947
179210
181444
180773
185682
181043
189074
180810
181004
172405
171872
176796
175768
176811
186979
177143
185545
184373
179587
176783
176783
174232
179353
172034
175445
186574
173801
174232
179353
179049
172034
175445
186574
173801
182812
191347
184903
173650
183650
177793
177388
184126
173347
173080
190608
181016
187123
178869
3896818
176036
185601
191741
176519
189617
190608
178869
181016
187123
3896818
176036
185601
177726
180787
179642
172510
177857
181210
179653
172730
175569
176495
177726
180787
172510
179642
177511
185482
181441
181441
185482
175725
175512
177105
182030
177318
178153
173579
174965
175907
172077
188731
188732
171617
171957
259500
175813
180974
173065
176664
190648
178020
172809
182608
183168
172433
172378
172720
171957
259500
183400
172033
187181
189732
184470
176735
185981
192084
187167
189599
178921
177935
178134
178849
180910
186195
185216
187181
189732
184470
176735
185981
192084
187167
189599
178134
178921
177935
178849
180910
186195
176260
191612
172353
178645
172546
177425
176138
176388
179120
176641
176646
177725
175772
171737
181374
175248
181611
176369
174833
178696
173580
174016
191754
174017
178320
174373
174947
177406
177332
174197
180850
178229
179488
173149
183461
172683
187536
183254
172876
172107
172260
190919
175202
3565184
189910
185813
175414
186440
174752
174168
174752
189703
191093
186667
174545
185563
179561
174101
174709
181099
182185
3564790
181091
178316
173986
181511
172954
175691
173299
176715
175728
180923
188574
182649
180847
173904
182228
191704
172525
174157
171914
174157
191708
178268
171938
191708
171914
172801
175742
177181
177182
174339
186061
185268
177896
191468
175485
181893
181580
4363076
183219
174552
181580
190308
181893
4363076
183219
174552
185709
172184
175344
3564835
185868
177818
259340
176637
178887
180399
175464
174955
175330
190701
183974
185241
174252
181065
181064
188022
175306
173192
175664
174254
174254
179561
179243
175537
180016
181218
181393
173403
13184661
174563
173575
173575
173601
176420
259488
177824
175834
178038
175335
191093
186667
174709
181099
174101
177068
189578
180494
179523
188607
174099
179561
175270
177102
181001
185044
179313
184203
177388
184126
190250
185079
171814
188421
177793
186240
180557
184903
173650
183650
190214
177388
190250
185079
177793
184126
186240
188421
171814
180557
183650
184903
173650
190214
172027
175078
189240
176244
180581
172562
179190
179676
172471
259839
181404
177750
176764
172491
175521
172698
179321
179321
176764
177750
176872
180581
172491
179190
172562
179676
172471
181404
259839
179321
171712
176872
177750
180581
172491
179190
172562
179676
172471
181404
259839
176764
172698
175521
181335
172698
175521
181335
175956
179228
3565103
178916
178847
177880
177234
176190
172422
171972
171646
174090
174090
177900
177848
179765
173967
182350
174909
171696
180232
174463
177636
175702
175189
260224
190814
176627
180614
176507
175784
183252
3565590
178361
172868
7040172
179365
179029
188150
173002
172345
184953
191629
171697
175710
174471
180448
186953
182694
184757
172866
177873
180764
180314
172939
186271
185802
181944
176488
172979
184440
190710
180289
180408
180409
181587
181677
180691
181202
177928
178184
176514
176514
189127
178184
172129
185757
179765
173967
176063
182350
174909
176514
178184
175081
175890
173124
172250
175081
175890
173124
172250
176531
181258
189474
181285
180964
171774
172028
176307
177987
176628
176628
191515
173439
178326
172754
189236
189236
172754
177397
3565801
175861
178550
182148
178552
189855
172850
178551
176277
189472
178175
176269
173784
176213
174598
171874
178874
176053
176863
177538
172624
172883
178148
173921
178053
259546
173071
173076
173070
175614
171622
180246
174748
174747
190032
174073
176688
177566
190364
174171
172272
174175
174677
175145
173437
171790
191277
179442
184085
171901
177837
178103
173773
179312
177580
176614
175971
176614
175722
180719
176165
191753
172229
173631
174274
191745
173362
173150
191749
181764
173898
171950
173426
191746
191748
171609
175165
191747
177951
181456
191752
171816
191751
180876
174940
174678
191750
179663
179665
184442
180561
177430
179663
179665
177430
184442
180561
175559
178550
189855
178552
178551
182148
172850
177532
173952
3565577
185331
177070
177996
172064
188966
178181
180039
173232
172295
173987
191741
176519
186758
171954
179910
3565355
175852
180586
172234
172450
177621
177392
173967
177566
178053
174436
187602
175201
182736
177307
3565698
183784
187164
191291
177298
187158
172987
175619
177262
172387
4363107
172787
176998
191515
176225
187474
172648
171866
187770
171590
177666
175435
176237
187770
171954
175852
173329
172813
171954
175852
173329
172813
176966
172813
177265
175852
171954
174823
176966
176114
172045
180822
171787
172766
3565260
172155
175813
187481
174329
179910
3565355
172813
172234
173329
175443
177836
173329
266845
174663
174779
172611
173329
171954
175852
191767
188497
179692
266648
3565852
180940
173414
172129
185757
175908
181692
181692
177235
179674
179063
178524
179945
178524
174279
3565996
176716
177108
172539
179945
178524
173205
186761
189679
185650
174676
176486
172029
177964
179411
188387
187658
173298
185984
176555
180003
172253
181495
176555
180003
172940
176555
180003
172253
181495
175751
172968
181108
172253
181495
172370
177456
191000
3565076
176089
176089
179094
174268
172208
3565877
177679
173207
176930
179225
178999
179159
186382
188353
190664
184611
179009
191419
187863
190664
179159
186382
178999
188353
184611
179009
191419
187863
181380
177519
179022
181473
172920
175551
174506
177624
180700
174079
172123
177440
179583
179853
3564886
176410
190251
180241
175974
176391
172327
180779
172735
172207
174513
174816
179458
174808
176465
180462
175288
172330
180183
185682
181043
171872
180811
189074
180773
180810
181004
185267
175444
190780
173857
246008
172064
174313
179107
179107
179107
179107
179107
176188
177161
190260
181021
353380
185035
172457
174758
175430
184768
188470
171597
187007
174758
174758
190808
174235
173200
183981
180724
176147
175472
172433
172039
190648
176226
176226
175217
172035
181556
179564
189950
181961
179564
178182
173081
178559
176352
171782
174078
188911
178069
175859
189976
175528
175859
173081
178559
176352
171782
173671
188911
178069
178182
189976
175528
175864
175859
173671
188911
189976
173081
178559
176352
171782
175864
178069
178182
175528
189976
173081
178559
176352
171782
175864
188911
178069
178182
175859
175528
173671
188911
175859
189976
173081
178559
176352
171782
173671
175864
178069
178182
175528
175859
173081
178559
176352
171782
173671
188911
178069
178182
189976
175528
174078
175555
175973
178942
178007
187448
172718
175712
176743
172663
174661
173783
177764
177603
187504
189617
181473
173967
176072
177711
177518
353387
174192
181153
259373
179808
4926960
178026
175532
3565969
176180
175719
181331
176239
178094
182644
174392
181538
191420
3565514
172257
173045
178158
191420
183426
187870
186602
180745
3565514
266912
173768
173141
178045
191420
172257
173045
176013
172474
178021
175092
173175
188181
172036
173953
188739
177165
171860
173002
179029
188150
177509
175713
188321
186285
179882
171965
173843
173843
176749
171594
174999
175998
177113
175998
174999
171768
174034
176050
176250
172841
175300
187181
189732
184470
176735
185981
192084
187167
189599
178134
178921
177935
178849
180910
186195
3564936
178470
179346
177512
179104
181858
181857
174883
179355
174296
180600
175563
176429
181585
187898
176429
181585
175563
187898
181251
180672
191619
188474
177701
171689
180233
181530
191617
175581
179107
187898
176429
181585
175563
176774
176374
177615
171672
171911
188513
187773
178777
188368
176397
174216
175490
181428
180712
178020
172809
182608
183168
181788
177126
177126
181788
171665
182520
180297
189559
186644
191264
189441
185240
189941
186129
184343
190222
259646
180443
181055
172264
172078
174902
175360
180475
175360
180475
172088
172647
175360
180475
174586
177525
187273
178537
180029
181274
182257
180244
190455
181671
179398
173176
178286
175120
179189
179796
173176
178290
171946
178364
188806
180823
173877
3565254
188805
176395
172010
172010
172010
172010
172010
172010
179587
176783
176833
3565064
173028
174534
178965
178963
178964
176232
183469
187136
176851
174252
180809
176052
172250
185946
175081
175337
176046
176209
189617
175911
173100
176625
176577
176954
183199
176663
171824
185726
3564807
179486
171960
182242
191467
184915
176075
182859
174684
184887
184725
172328
188880
186051
177208
185677
187692
177076
184829
182860
175880
182956
177489
172082
190550
178923
185726
3565302
189799
183037
188557
174561
191183
178340
174933
174626
182476
171844
177485
191296
171824
178117
176663
176657
182242
178117
176663
176657
182242
177489
184915
191296
175257
176663
176657
177943
177943
185220
175217
175610
179469
175233
172035
190269
175610
175610
179469
175217
175233
176497
175610
179469
175217
175233
176657
176663
172381
179243
177055
175394
181136
181999
176879
181323
191439
174131
183037
176075
3564807
171960
182242
191467
189799
171844
190550
184887
3565302
184829
174561
177489
188880
180847
173904
182228
191704
172525
180263
175257
183037
176075
3564807
171960
182242
191467
189799
171844
190550
184887
3565302
184829
174561
177489
188880
183037
176075
3564807
171960
182242
191467
189799
171844
190550
184887
3565302
184829
174561
177489
188880
173122
176358
188846
175599
180844
186581
191093
179561
174101
174709
181099
186667
181417
181417
180460
173161
180808
178147
189782
172999
190278
187337
177848
176766
177840
173440
175795
178053
177621
173920
175771
175117
172199
176409
172146
176409
175771
173920
175117
176461
175818
172413
187837
176343
174150
174149
178955
178955
179598
179500
174378
173867
178326
175771
172199
173920
176409
175117
183250
172483
180717
174067
175117
177135
175771
173920
176409
180180
176943
179855
174364
179852
176153
178550
189855
178552
178551
182148
172850
172995
186892
190438
171802
178314
184497
182017
173384
178988
172324
172238
174590
179641
175925
176661
175403
178501
176837
175573
266858
184246
182352
183344
178251
191309
190174
183343
186048
184099
178253
183345
178252
186050
178798
186438
186714
186049
186053
181273
259721
182351
186521
182028
189870
191308
190179
182352
259721
186438
186053
191308
182351
186521
182028
183344
178251
191309
183343
190174
184246
186048
189870
184099
183345
178253
178252
190179
186050
178798
182352
259721
191308
186053
186048
182351
189870
186521
182028
191309
183343
190179
186438
186050
179941
179493
172139
172679
172942
178943
174571
176978
173168
173334
173858
172674
176161
171975
13188172
180471
190574
175175
175187
176027
176027
187885
176084
176295
176305
171645
185146
175437
171802
175980
175437
171802
172666
259329
181944
172032
181944
172032
173157
182490
191797
180429
173942
178878
182714
173222
183943
178937
259546
178550
189855
178552
178551
182148
172850
178550
189855
178552
178551
182148
172850
180699
171984
191295
171982
191327
187449
172359
177279
172571
177833
175343
171983
181834
171861
185396
188965
177443
191361
187450
175350
3565419
3565511
184714
177832
185271
180332
174355
187909
183570
171983
172740
187449
191361
3565511
184714
177832
187450
175350
185271
174355
183570
175395
176981
174437
174685
171984
191295
171982
177898
187450
175350
3565511
184714
177832
185271
174355
187449
183570
175395
171626
172298
180919
177973
174909
173967
182350
176922
171922
179765
175700
175270
174016
174197
191754
174373
178320
180850
174017
174572
180850
174197
174016
191754
174017
174373
178320
174947
177406
177332
174016
174197
191754
174017
178320
174373
180850
174947
177406
177332
175613
180935
180935
175608
173772
173772
177576
177576
172466
178872
180123
174509
180123
174509
177480
176504
173456
178350
173510
185679
183650
184903
173650
173456
179436
177903
190277
182649
172224
174127
174126
179968
179056
174127
174126
179968
178277
181251
177701
171689
180233
180672
180827
178234
190486
175515
183192
182934
185224
179616
181026
177841
174456
179616
177841
181026
174385
172392
180818
172008
176453
176453
172008
172008
176453
175772
181374
177725
175248
181611
181374
176772
173459
174992
180862
182325
179824
173346
3565366
180015
175399
187120
172867
176608
174793
174785
171610
172347
178054
181674
180319
178681
176306
176305
178150
178326
177002
186441
175885
177002
174958
181674
181672
177706
176584
179678
191613
185203
172828
177826
191635
191366
188883
190185
182879
177575
188489
266839
176214
175967
178307
188882
187810
173234
180121
177921
190101
180304
172638
175190
3565352
177914
172728
190999
172077
177706
172638
3565010
3564805
172347
178054
180323
177453
175311
178402
174875
178104
175625
177709
173003
178104
174875
175625
177709
173003
181558
176905
176163
3565859
176563
13191341
175734
174781
179358
172344
174332
179306
3565253
177762
174357
174623
176914
174398
176639
176989
171688
174623
176914
174398
176989
171688
175788
174151
176517
178970
181421
177562
190999
172728
177706
3564851
190269
172711
178295
175905
175905
174410
266904
174275
176209
175337
176636
175731
174842
176636
175731
179116
174842
177294
172092
3565471
186576
174238
187558
176131
176946
178259
175976
179967
177216
174577
172102
176201
175636
181195
3565712
172102
175849
174278
174751
175268
172893
3565712
175268
176201
175636
181195
174230
176815
174552
172909
3565369
181590
189666
187181
189732
184470
176735
185981
192084
187167
189599
178921
177935
178134
178849
180910
186195
179409
266650
176327
190589
179462
183540
189998
177238
179462
186939
174233
179462
184848
181344
178458
178458
179462
173456
182379
188825
172838
174664
174666
178870
187789
173149
183461
172683
187536
172876
172107
172260
190919
175618
189180
186784
185746
190249
3565584
266916
189220
187502
175195
176613
187602
178068
172260
174602
171883
176387
173322
176387
176301
176301
175525
184692
186533
186266
187233
353434
184692
175525
186533
174974
190607
171705
190607
171705
171705
190607
171705
174311
178778
180535
178778
180535
178279
178279
171949
178279
178279
171949
172818
172818
176891
176891
175455
175455
171692
171692
178342
178342
178342
178342
172201
172201
172201
172201
171853
171853
171853
171853
179849
176146
176146
173873
173873
175796
175796
175796
175796
172062
172062
180748
172617
174379
174379
171750
171750
171767
178352
180343
176903
180343
176903
180343
176903
180343
176903
172921
191404
173235
173235
174443
174166
174166
178173
178173
176097
176097
176097
176097
176007
176007
175141
175460
175460
175141
180044
179153
175501
176718
175840
186086
173558
186085
176718
175840
186086
173558
186085
176718
175840
186086
173558
186085
176718
175840
186086
173558
186085
175070
175070
174695
174695
174695
174695
175070
175070
172074
172074
179230
174371
176015
176015
171602
171602
177203
190636
177203
190636
176071
176071
171766
172943
172401
178297
171766
172401
178297
172811
187158
183983
175619
172730
176733
172732
172815
171602
177549
13187936
177505
172164
176285
178778
180535
175666
171889
186840
171710
190311
188040
181917
176482
180397
172479
173400
173415
175174
176197
172741
179168
190551
171682
175894
175796
3565661
188274
176926
3565796
182876
173279
176717
180548
176717
178952
178336
178599
176903
180343
3565999
174380
176742
173071
173076
175270
190766
175572
173070
176115
179708
3565940
182229
174222
173863
174822
266861
184422
179291
176642
174651
181630
176411
191053
172830
190096
177241
185991
187635
184515
191469
175022
190071
174847
174540
191372
188239
173454
188642
174491
189457
176799
174936
182216
178763
182217
187636
175021
187498
185541
178764
172200
188642
185991
187635
184515
191469
175022
190071
174847
174540
191372
188239
173454
174491
189457
176799
174936
182216
178763
182217
187636
175021
187498
185541
178764
173742
259373
190810
180571
173742
190810
259373
180571
172651
181002
172162
185534
182547
175015
172752
182648
184304
175660
172412
184886
174630
178823
176362
171763
177190
40831
177491
175056
175668
175767
172680
176950
174208
175767
175668
179178
177491
177190
171877
189252
172321
172081
179418
4926972
174671
171916
173074
179959
174285
174434
176043
171892
175080
175995
173744
185404
172044
174786
172977
3565888
171789
177455
175877
176196
173807
174715
172009
178289
174478
175972
176273
172278
177753
180168
173317
177349
175701
171976
191043
174956
266878
171665
182520
180297
189559
186644
191264
189441
185240
189941
186129
184343
190222
173854
178728
177853
175517
186604
176321
13198805
259488
174111
172902
176864
173461
180369
177875
175748
179878
175906
179942
174634
174018
177403
172061
176012
180369
172061
3565889
178083
178083
178083
178083
175786
175901
176006
179711
176006
179711
172693
179998
179998
179998
179998
172313
172313
178408
178408
178408
178408
172805
172805
173309
176011
176011
175338
175338
178188
178188
176858
4363068
188943
176858
4363068
176858
4363068
188943
176858
4363068
178188
178188
177365
177365
173342
173342
175413
185243
187141
178538
176975
176975
178538
175235
175235
177583
179154
179154
179154
179154
175584
175584
175879
177481
177481
177481
177481
173260
173260
173260
173260
178012
172901
172901
177503
177503
177503
177503
174699
174699
180324
172018
176426
175747
186925
189051
172504
188793
4363100
172504
172504
266825
172406
178156
188492
176176
188488
173204
171647
171719
175438
177709
180011
183765
178104
174875
175628
175628
174588
179229
179721
187843
190379
184267
176162
172691
177818
189618
176052
180368
3565469
175912
172693
174631
173356
179711
185109
187087
180240
191523
175742
175325
259526
191651
178550
189855
178552
178551
182148
172850
175184
179557
181457
177157
176574
175184
179345
179981
179981
176267
176267
176002
180674
173005
177181
177182
177674
3896832
182683
173767
172910
173558
186085
181316
189724
172687
266725
172296
179388
177458
176668
176103
190601
171834
177797
175849
177797
174725
180776
174725
180776
174725
180776
172778
173236
177589
178278
178348
172102
173606
190579
182278
180185
172408
176087
173340
183650
184903
173650
175723
188484
174681
173144
172053
179300
178829
189590
174725
177217
174395
173281
179096
183194
190914
173281
179096
3565873
183194
175727
187773
174543
187350
181773
178008
178407
190374
179510
177027
177027
173410
173808
181003
178295
179749
177239
183220
179302
174430
173158
2565700
2565700
179424
181524
176554
181697
172581
172647
3565956
180405
175977
181212
175223
176456
176211
3565947
180983
171870
178171
180746
181486
173763
173763
172660
173424
171986
172996
173294
179069
172397
172259
191101
190983
186264
180057
3565542
185673
4363016
190987
172882
172393
179615
181510
172259
186264
190983
180057
3565542
185673
191101
4363016
190987
3565961
172385
179789
180256
179671
260040
181108
172968
174482
174870
181108
172968
182228
182649
180847
173904
191704
172525
174266
174253
188149
175709
182025
175218
3565884
177562
180759
171876
172641
181131
176957
179193
176302
180650
172431
174360
173994
181634
174945
179564
185099
179870
182525
181084
176289
177507
180456
266842
13180975
181030
176862
186226
178183
178078
171776
176349
3565362
181272
176242
174459
3565503
171935
266836
180593
181797
180696
173971
173223
180317
178060
173278
171711
174429
173231
177142
3564769
259396
172898
173910
172924
179427
176233
188509
179880
174340
189943
172641
179611
177233
176748
175284
176619
176994
259566
178112
174463
180232
171696
175012
180853
175012
180853
178304
172756
175662
176802
187229
173755
179973
172026
178463
266825
179824
177196
184086
175096
179824
173755
179973
172026
178463
266825
187229
176802
177196
184086
173755
178463
177196
179973
172026
266825
187229
176802
179824
179457
183391
180772
172949
172026
187229
266825
179824
185242
173755
179973
178463
176802
177196
175096
176969
3565129
172949
182356
174662
185237
180772
175549
189611
176398
183402
178183
178078
178078
178183
173220
175571
183194
175832
190192
173078
259570
174427
3565210
181765
173006
177246
180831
172768
173921
173922
177260
183307
189813
190157
175244
173186
173185
3564899
190158
177956
176445
176857
181859
190868
175246
178201
174081
175522
175210
173846
172303
176228
179494
179720
175206
176997
175415
181492
176552
172628
181492
176552
174822
176486
177924
182284
185876
266845
3564910
180746
175745
179829
172733
3565074
172733
3565074
172630
178907
178017
177824
172672
180873
3565400
182148
190192
173078
172775
172773
180081
180148
191762
178839
178840
178494
178496
191763
181445
178447
191765
174257
178493
173729
181447
178495
181446
260116
174943
176597
178987
179720
176328
178550
182148
178552
189855
172850
178551
179880
174340
181055
176224
184169
260268
171736
190979
175680
171942
190099
173454
188252
190256
174901
175423
172011
177979
353395
173880
181373
175545
179443
172157
174939
175532
185707
181384
174776
174669
172116
183454
183453
183458
176559
173874
175603
175492
189995
179639
178303
174072
178483
177044
191766
180939
177044
191766
180939
177044
191766
180939
181373
174489
176866
178518
191169
177460
172732
266820
3565057
176179
179675
180608
176511
174103
3565237
182319
188482
353398
180823
176395
175851
172743
184939
176395
187764
187763
188772
180666
3565719
173877
188168
176395
180823
179692
266648
178349
177041
191767
188497
266648
179692
178349
177041
181727
176230
175437
186015
172500
176877
180574
181650
181471
187181
189732
184470
176735
185981
192084
187167
189599
178921
177935
178134
178849
180910
186195
174091
183288
174010
172018
176426
175747
186925
189051
172373
175571
178015
180705
175672
189976
175864
188911
175859
173081
178559
176352
171782
173671
178069
178182
175528
176145
179192
171592
176237
176090
179140
174645
190949
189240
178361
190399
180468
174141
173776
176336
173855
172632
181748
174353
178398
178398
178398
178398
172952
177956
188138
179190
180102
174600
186478
181253
172163
175414
172967
176292
181354
176703
176133
174914
172163
3564886
188509
179427
173876
191771
178363
173408
177923
181175
173233
172643
173927
189090
174316
179872
183917
178738
171924
171925
4363044
180486
176485
178739
187609
182329
184969
179772
185096
184922
187966
182087
189164
171628
7040143
179741
178658
187608
187961
184076
182326
191434
182298
180038
179274
180707
180708
181248
174914
172984
186272
181573
192052
176331
181378
186214
175172
178143
175621
178216
171936
176680
175058
179578
172603
181027
172810
172209
180435
172209
180435
175680
171942
179236
266845
180776
190975
179686
173625
259584
185438
179781
266904
182458
187970
174326
173519
184055
177937
188894
181230
181378
186214
175748
177875
171886
171886
178407
184613
172246
36810
189855
178552
178549
3565921
172246
178551
176421
176743
181505
177647
3565871
175712
172718
176743
181505
177647
3565871
175712
172718
172677
175357
179643
188472
3565879
183650
184903
173650
174326
181579
180042
175821
177251
177250
176132
172409
178966
182128
190566
182127
182987
172820
180873
3565400
179527
187374
172106
171872
180773
185682
181043
172405
181326
181327
178215
181416
180165
181276
172262
184845
181277
188697
181278
181415
183971
180981
178015
180705
3565232
177106
178587
187181
189732
184470
176735
185981
192084
187167
189599
178921
177935
178134
178849
180910
186195
173512
182474
182953
187681
187242
178004
174931
174155
172759
180079
175886
176653
174350
186196
353486
177626
176257
174743
178219
174981
188475
175252
181570
180485
179795
174333
178469
181280
177555
189085
179357
187335
179626
189195
180828
181094
183842
189085
179626
187335
179357
189195
183842
181094
180828
266853
180828
181094
189195
187335
179357
179626
189085
183842
185268
179996
178022
180356
183187
173310
172675
184951
174531
192085
175474
181540
179489
190203
174019
177561
183186
173062
176731
183426
188748
173045
188793
4363100
180324
188733
186179
189783
190954
181674
181672
178408
175367
173303
171621
171985
174749
171821
176334
3565124
176860
172904
178415
171970
176003
172311
174351
171890
180303
178419
175703
3565273
175703
174103
3565237
182319
188482
353398
177978
177926
172499
172884
172884
177926
174159
3565121
174159
172499
175538
3564939
191323
173312
178089
172442
176578
176578
172442
173117
178415
174023
175659
174023
175659
171969
177859
177200
177200
177859
178859
178217
173231
176140
174790
3565110
174790
173224
179184
180231
175719
177237
173311
176682
175791
178502
174765
180243
173764
176022
172542
172543
4363003
178281
260136
176533
176551
259739
175303
3564983
192052
176617
191066
180698
172451
260198
173257
190914
187434
192051
171630
172552
173498
177129
192053
176686
176798
259457
174524
172303
177202
180382
177202
180382
171836
178732
175697
180347
190617
183650
184903
173650
173650
184903
183650
177793
177388
184126
3565637
173985
178095
175419
173167
185538
174680
172831
176568
172717
191455
184569
189479
175419
173167
176568
185538
174680
172831
191455
172717
184569
189479
181170
175461
175519
176501
181036
179680
186176
177987
171791
187156
176361
178146
178829
179300
176054
172676
175882
185680
172382
175882
185680
172382
178631
181615
190698
182427
172346
174120
185680
175882
172382
181615
190698
174120
179880
174340
174318
174421
176608
174330
175588
173581
190628
178670
176928
175819
172944
177921
171688
185203
171699
3565939
179578
172603
181027
172810
174005
191425
176065
189429
175355
175909
180696
176869
172688
172713
174475
178004
174830
259619
172470
182953
174199
178544
176838
173602
176425
190298
172168
175520
178431
171661
172290
179419
174450
179771
178563
179081
184068
178572
185840
179046
190108
172704
173519
187970
174326
174758
189486
188431
171781
176317
184790
179465
188611
188752
182781
186353
174820
181189
189185
178782
189063
186355
179059
174104
185739
189483
177953
186354
182583
182107
177312
180085
179234
179888
190139
177313
173821
174098
181623
188751
183346
178781
186721
189488
186565
181777
179308
184290
180300
189054
189487
188070
178718
178594
180070
183402
179932
176258
172075
176756
176216
174161
3565206
187992
176756
175432
175900
185395
188458
181704
190257
175675
259768
175829
3565829
179617
186728
187919
177661
177662
173838
172686
172231
176580
176580
177242
183965
176907
174692
176769
174722
173041
172302
179481
175331
177475
13198804
176106
4363059
177906
177906
259698
180607
175712
172718
172663
188454
177528
177088
179447
179536
173297
181565
173964
177377
177756
172538
179567
181096
172739
176983
181096
172739
176983
176983
181096
179093
179964
178854
175358
178797
178795
187323
178794
171781
176317
184790
179465
188611
188752
182781
186353
174820
181189
189185
178782
189063
186355
179059
174104
185739
189483
177953
186354
182583
182107
177312
180085
179234
179888
190139
177313
173821
174098
181623
188751
183346
178781
186721
189488
186565
181777
179308
184290
180300
189054
189487
188070
189486
178718
178594
176419
178893
179387
3565739
173613
192073
181485
181224
180592
179682
192078
180164
180594
180252
192071
176572
174321
180163
192070
185227
190614
192079
182966
185335
174756
179088
180054
178358
181349
177803
185149
181922
192072
181024
3565024
188452
180161
183583
179699
181139
181703
185828
192080
192074
183714
189006
192075
192077
3565640
182864
187626
177727
176652
177084
172697
179691
173036
173436
174431
176101
174092
175206
172965
183187
174092
175206
172965
183187
266847
174825
191525
189967
259522
176631
174978
172167
172167
172418
182278
180185
178845
191623
179603
173947
183402
177858
172656
174844
173319
173985
173319
189919
184920
184920
179662
177681
3565050
181778
3565050
181778
181637
187397
176845
182240
181345
3564796
171716
174788
183230
3565896
180386
180386
179604
172371
173388
177451
184505
179604
172371
173388
177451
184505
172735
175747
172018
176426
186925
171864
3565972
177847
259376
173286
179920
186775
174110
175876
179957
173142
259389
175543
190860
175476
183240
174753
179394
185357
190338
172217
180478
181863
189905
176929
179434
182257
171897
179196
181863
176929
189905
171897
173028
171903
179434
179196
181863
189905
176929
179434
171897
173028
171903
266858
175573
176837
266858
175573
176837
177133
187966
3565035
174140
184699
3565050
181778
178464
173812
176995
259501
177932
3564837
179582
176427
187090
177677
172053
173742
172630
179489
179878
181540
175474
191741
176519
183205
181711
176398
189611
176996
176574
175740
179363
172149
175561
175747
172018
176426
186925
187060
175497
177855
177607
171968
175982
173354
173072
182321
175185
182322
5657579
182989
177073
185003
171734
186057
178006
186094
175985
177170
181979
259424
173637
174217
178006
186094
175985
3565767
177228
186377
173228
176363
171734
190802
182321
182322
175185
185003
175840
186086
259626
179039
178779
172782
181647
175853
190579
180175
177437
174780
175853
181647
180175
190579
176381
178779
172296
179538
174861
174567
174290
172782
175310
175853
181647
190579
172782
175310
181312
190579
175853
181647
172782
174300
174290
172782
180175
178977
180175
177437
174780
175853
181647
190579
178977
175105
174300
178977
180175
190579
181647
177437
174780
175853
180175
176381
171953
173813
171953
173813
177057
171804
176187
173407
181603
182989
179435
171804
176187
177609
3565860
179055
177486
174295
183650
171814
174991
176814
180484
176814
180484
183402
180423
266650
179409
174307
173859
186900
175704
173859
3565434
172347
178054
178681
180319
180323
185642
172802
172801
176633
179371
174439
3565732
178181
174760
173040
173040
179023
189267
189267
180290
174037
178181
3565732
178160
174150
176343
13191153
172140
178311
3565260
180771
179832
180581
177956
172471
172034
173801
175445
186574
173366
172909
173779
174038
181319
172015
174409
172192
175536
175994
190203
175474
174080
183860
175715
6418594
173520
171811
178346
173339
176954
178185
176604
178667
177757
172134
172589
173338
180982
178451
172718
172663
175712
179902
3564970
180692
172137
177017
176338
177442
174596
172216
3564892
187779
176383
177018
180534
179223
187779
176383
177018
180837
13192684
180457
174272
177524
177524
178641
183952
174004
178552
178551
178550
189855
182148
172850
179829
178112
184201
173332
172221
182190
184093
180408
181677
180289
180981
190710
180409
181587
180691
181202
176141
176257
177626
174743
178219
175913
174827
172705
182925
173962
171654
174442
185663
177336
181644
173863
173143
177617
174475
172755
183717
173229
176221
174095
176424
179520
172280
174762
181618
174000
180449
180800
179902
181018
179473
189590
172612
174028
179242
176377
180468
190399
178361
187433
171806
183878
178634
173525
186195
184470
176735
185981
177935
178921
178134
178849
180910
187181
192084
187167
189599
184346
187194
187193
180621
189732
187195
171919
176481
180463
178174
180386
3565896
183230
177704
172769
266873
175681
177556
181419
176980
176720
174008
3565273
172528
3565273
3565273
175804
178397
179248
175742
173352
175022
172771
175195
176946
186581
174545
181099
180642
185563
190099
3565858
181112
190099
179503
3565858
3565205
3565858
190099
172802
172801
174514
177419
3565947
180983
171870
178171
180746
187700
179160
177581
175059
175071
175071
175059
179404
179405
183957
176890
176801
173306
178986
187463
181578
180695
178250
183253
183254
181354
177366
178118
266949
178025
178543
179035
190055
178889
259455
173453
174212
177370
177495
176222
3565648
259455
185809
173891
173525
178634
186195
184470
187167
176735
185981
177935
178921
178134
178849
180910
187181
192084
189599
180205
180206
175458
184346
187194
187193
180621
189732
187195
178175
176269
173906
173907
178945
180186
178085
181990
190710
180408
180409
181587
181677
180691
181202
180289
187888
173818
174802
174057
175938
174189
180915
181572
182429
179459
175531
187888
174308
180409
180408
181202
180289
190710
181677
181587
180691
181765
187969
171781
176317
184790
179465
188611
188752
182781
186353
174820
181189
189185
178782
189063
186355
179059
174104
185739
189483
177953
186354
182583
182107
177312
180085
179234
179888
190139
177313
173821
174098
181623
188751
183346
178781
186721
189488
186565
181777
179308
184290
180300
189054
189487
188070
189486
178718
178594
175486
172825
177577
191275
179370
175804
172711
3565366
179031
179032
186277
185044
183636
172200
185932
185191
259724
13186920
185330
179578
172603
172810
181027
180486
178016
182326
176485
173001
184920
187181
189732
184470
176735
185981
192084
187167
189599
178134
178921
177935
178849
180910
186195
182575
176370
182354
182576
190821
191715
180318
177963
178918
174148
176717
172669
3565202
180206
175458
180205
173525
187181
189732
184470
176735
185981
192084
187167
189599
178134
178921
177935
178849
180910
186195
183230
3565896
180386
172200
184416
171764
189124
177560
186841
177922
172478
177424
183743
174758
177095
176954
179771
178563
190108
179081
178572
185840
184068
179046
178563
178572
179771
179081
185840
184068
190108
179046
176140
186441
175885
177072
177072
177072
174552
179392
173798
187181
189732
184470
176735
185981
192084
187167
189599
178921
177935
178134
178849
180910
186195
172343
174467
180589
180744
190553
174190
183121
179366
171704
187899
266819
174560
185795
179482
189611
176398
3565961
175191
185192
173096
172339
173366
176248
179780
190742
177534
175465
183842
179522
176028
173205
184416
176920
185809
190634
172683
187536
183461
177560
178986
187463
172926
191275
4363084
178723
178722
178718
172342
180699
176470
173971
174834
171935
266836
176024
172904
174824
181417
188044
178200
188043
188042
181675
180317
172343
185814
183293
183292
181791
179880
174340
174155
172759
180079
181251
177701
171689
180672
180233
176640
180731
176248
186841
185711
174207
175537
174602
179400
173001
178419
3565366
173346
179507
173123
188284
180305
173654
174528
191515
181068
178986
187463
174709
181099
191093
174101
179561
186667
189090
171924
180486
183917
4363044
171925
176485
178738
187609
187961
184076
191434
179940
171725
190511
175047
179821
178844
182074
179756
180997
191555
175645
175569
184913
185877
178665
178615
179490
186497
190129
3896802
188269
3565371
176669
183365
176671
3565853
186812
190947
180197
176311
190072
191267
178041
179014
183324
189962
187295
176959
182618
176269
178175
181765
177714
174442
173891
189356
185544
180736
180270
175159
180691
190710
180289
179163
186796
184910
175982
173482
181640
178509
181233
179576
183065
190312
184743
183836
183833
184742
177888
183835
183832
3565013
174195
183834
188051
178013
172684
177565
180650
174360
172431
176302
181634
174945
173994
185099
179870
182525
178990
178223
177359
174046
176031
172284
178437
172282
172283
182752
177339
174872
172829
178008
177789
189726
177761
174053
172343
191122
173663
184840
184835
181900
174943
173665
186910
183353
3565152
173571
173572
183352
173610
184839
186909
186908
191121
3565488
191126
176468
183355
191119
191125
182739
181898
186517
173664
180135
181899
191120
191123
353388
174692
179168
190551
179618
3565854
179679
187826
177363
172147
177942
173022
172751
174417
172615
3565366
173205
183121
179366
183221
180589
174467
180744
179854
260040
175613
174778
178067
174778
178067
186851
3565030
189078
179782
181225
177518
177711
177922
172478
180309
180450
187608
179772
185096
184969
178739
187609
182329
184922
187966
183917
182087
189164
178738
187961
171924
171925
184076
182326
4363044
191434
182298
180038
171628
178658
172172
181990
178945
173412
176028
174101
174545
185563
191093
179561
174709
181099
186667
188484
174681
174983
179969
177530
187658
179969
177530
187658
171918
172075
176460
177021
171915
174671
176757
172148
178790
180792
174392
180370
181527
181540
175474
179489
172623
183935
175804
175505
177213
184717
189172
179036
6418708
175239
179444
179528
4363084
178723
178722
178718
172585
175051
175052
171759
3565105
178304
175153
178175
176269
177567
180860
179395
182462
175727
178470
3564936
3564936
178470
174983
188238
171661
172290
3565366
179898
180306
184041
183970
179940
175108
174183
184697
177008
186039
190362
172485
189438
172564
185848
182480
183015
182780
188156
3565100
190384
182985
185260
174655
179767
189454
182935
189513
187506
189091
190367
187832
182348
172441
172113
3565539
172200
174078
178069
173081
178559
176352
171782
188911
178182
175859
189976
175528
175600
178149
175914
183813
259963
187933
174231
177363
180562
174621
3564939
174194
171835
176759
176906
173639
175216
189092
176205
173795
175459
181587
180691
190710
180408
180409
181677
181202
180289
185793
184226
3565298
172640
180459
176640
180671
172656
181399
186276
191713
172435
186874
180522
183539
185718
3564888
180403
173997
185423
186169
180997
179821
3565073
175741
173375
177422
172522
184342
177755
177368
184952
176920
180574
172654
179875
179876
177560
173330
189124
182382
191472
187286
172647
179424
176554
172581
181697
181524
175223
3565956
172246
3565407
180673
177822
177664
181067
181697
181524
179424
176554
176639
172581
172647
181697
181524
179424
176554
176639
172581
172647
3565323
175047
178844
179821
180997
175048
186169
187089
182074
191555
175645
179756
182366
183870
3565323
3565323
260226
181444
180251
180917
180947
180947
179210
260226
182635
189740
6418790
178750
179211
179302
179210
191310
180250
182511
184787
179209
186613
180251
180917
179247
176470
182635
181444
180947
175272
3565633
183717
171601
4363014
184331
171956
184330
180250
179209
180917
181444
180947
172755
183717
176275
181759
175389
174077
176327
171601
4363014
184331
171956
184330
174834
189429
178620
180554
176560
175272
172755
175272
3565633
183717
178283
174145
177735
177738
178157
173076
172881
175443
174011
177560
177560
177560
177560
176220
181058
180492
178491
182004
178285
174310
172343
171915
177021
353491
190639
176460
178151
177643
178150
172226
175774
192056
175446
176202
183847
183539
176548
177239
183220
179302
172952
177956
175043
173739
173864
189162
180923
188574
176715
173299
177186
172230
173376
190293
173969
182346
178211
177186
173376
190293
182346
172230
173969
172205
177186
190293
173376
173969
172230
182346
177419
176241
