180100
179526
175750
172826
179329
172147
177363
177971
186169
180997
179821
185423
178844
176677
181736
189836
174556
187928
177528
177088
176416
188454
181438
179536
179447
187546
179763
173297
175160
184284
181726
180897
172072
182614
187948
4363033
175507
175890
171849
173124
176813
185685
178987
176597
175587
179922
173500
178510
172071
186372
181281
188733
186179
183848
189783
178583
174128
174526
179720
179830
178122
179100
180162
176121
181324
173162
181668
173164
184167
176353
173163
180376
177386
173979
172351
176622
176008
184559
190740
175500
180992
174156
180767
179534
179535
176793
179533
174194
181562
177469
259441
179627
183957
179628
173346
178132
178598
178597
174942
189126
178028
188340
175864
173671
188911
175859
189976
178069
175528
173081
183860
174078
186400
176352
178182
182849
171782
178434
174712
178299
177648
176773
186855
189112
177858
184917
187678
187434
190914
172427
172586
171915
353491
190639
189973
176460
177021
176720
174545
185563
176499
174848
175253
176490
175242
177518
181596
177922
172478
177678
183650
184903
173650
176222
171814
190214
188421
177793
180557
174414
180017
174648
174358
173306
176801
176890
190231
173053
191509
190110
187152
182212
177180
185826
184340
173002
179029
188150
259487
180022
180631
171941
172414
176979
181109
186797
175599
179912
180844
172252
187001
175691
176056
177999
178680
179026
175820
180824
182414
191348
175339
181252
172855
176032
173912
179890
179185
187398
180821
175920
175065
178822
176874
184431
182392
174542
174633
171659
184875
172462
189776
188129
177112
177852
172464
181666
266859
174516
177613
177612
176916
190325
176620
176596
190217
176524
3564805
173919
173891
175822
171952
173304
175376
178989
184091
173121
172180
180713
186194
179387
181163
172553
173701
171691
178982
3565580
179454
175604
174698
182479
176139
184441
176583
181544
3565947
180983
171870
3565862
173341
173069
174291
190293
185740
172587
177681
172232
176250
179366
183121
183221
180589
174467
180744
182074
182366
191555
175645
187089
175047
183870
175048
179756
176771
177622
179540
181681
175801
177595
191609
191608
177217
171765
175121
191632
172301
177646
175908
180830
172636
184416
174375
176392
183311
171878
174758
183628
175162
179440
171857
177504
177325
174288
3565442
175650
183522
171882
176697
175247
3564886
187628
177097
266915
171683
173809
172812
179836
178154
181121
184935
179667
3565366
176666
177256
178070
181067
176498
174031
177089
177004
177795
182114
179189
172748
178754
172800
173176
176512
173307
175793
173454
188252
179246
189705
180311
180763
173956
180949
179450
175591
181413
179464
181205
178330
176921
3565022
190777
171735
178005
174050
177989
178561
3565232
177106
171807
176540
171694
181278
181276
3565793
179352
3565824
191004
179796
175120
174728
191132
178830
176178
2565704
179541
175299
173134
188925
175716
174059
180718
175605
177038
180956
172673
184920
172195
179306
187290
176102
179862
177186
173376
173969
172230
182346
176770
175917
190339
178559
172825
176566
245996
189355
176431
174201
173155
187530
179456
190429
259544
173442
176271
186798
174125
189698
182128
178966
182987
190566
182127
179741
13224720
187961
181761
188907
183165
185096
191363
180756
3564888
175436
174751
177388
184126
260226
181444
180251
180917
180947
172711
188918
179349
179245
6418662
176573
188180
179350
6418768
179348
178486
186227
177620
188703
172532
177042
259844
4363051
175997
181423
180361
179420
174153
174372
181257
172054
176380
186960
176402
180410
183022
181256
179404
179405
177345
174278
175849
175268
353411
172530
175686
181195
175636
174230
176201
172141
259570
176344
6418789
178548
174267
177904
171723
177987
176307
3565059
174744
180181
178892
179841
179597
179726
189032
3565540
181348
178113
187477
178851
181633
185086
181574
175983
175346
172133
186392
175277
171906
172021
187518
186299
186108
174024
172613
180943
181891
187425
178220
181379
174039
180409
181202
180408
180289
190710
181677
178939
181587
180691
176180
175532
3565969
174838
177880
190251
176410
179255
176134
174901
175810
175210
190256
171936
173752
185152
179556
172171
179249
179559
179725
172468
178032
172342
175018
172864
173832
181406
172101
176624
181172
180530
13222206
175671
176368
172595
13192290
180798
177527
173023
175559
189841
186662
172614
187465
179362
181150
179361
189842
173755
179973
172026
178463
266825
187229
176802
179824
177196
178658
180624
175737
184969
186621
180492
181058
176220
178491
176811
181064
181065
176375
179829
171747
178025
178543
179035
190055
178889
181682
174912
179881
13192683
185624
180126
180056
172668
175669
180717
174067
175540
171833
178552
178614
179715
177143
177945
182789
185545
187699
184373
176390
178997
179572
175385
186617
179415
178484
180890
177497
174673
181729
266829
190484
174385
179210
179247
182635
6418790
191310
189740
179211
180250
186613
178750
179302
182511
179209
175372
175870
172174
174136
182756
180505
180504
179001
175729
175085
259738
175086
191744
176504
179557
180655
179013
172896
183238
177571
177767
177768
177769
181023
174802
175938
173818
174057
174189
180915
181572
179459
182429
181215
186197
259617
181209
175107
186587
184055
177937
188894
186586
3565786
177513
177379
175674
180570
175626
181045
174713
190078
179643
178184
189127
176514
173776
175244
186598
173233
179976
173945
177510
191646
191649
172850
172246
174314
172956
191425
181153
259373
174192
179808
4926960
181490
177692
180657
175205
178846
177894
179736
180611
172145
188904
176335
179722
182041
183642
181776
181775
173449
187114
175481
6418647
176466
178214
176806
179413
179878
174058
176143
171838
266900
174233
186939
179462
174309
174624
177213
184717
189172
177160
172260
172565
172029
176486
186044
183546
176374
176774
181472
171911
3565046
172639
172869
172715
184727
184005
186223
176359
181057
184006
191089
179789
172868
179103
174310
177003
173782
177994
176287
177965
171993
180040
177293
173211
186646
172399
175315
178693
172432
178970
181421
180628
187733
187737
174363
182435
187739
187736
187357
182434
173661
182430
188614
182431
191470
182436
174541
187735
183470
182432
187732
187731
187738
183471
189507
174502
174888
188615
182437
179121
187942
187741
3565921
178551
178550
189855
178549
186015
36810
182148
176457
173370
172946
173405
172508
179106
173148
175634
3565010
177534
266845
173152
179849
172622
179546
179948
3565057
177685
177141
176179
177474
3565411
176437
171745
177658
180873
179527
3565400
179150
178877
172888
183295
178979
176434
175442
176341
181399
176509
187481
173946
177761
172906
171657
178640
171867
173518
179201
176841
171860
184023
177779
189814
173656
175940
176766
177891
4363058
187900
172190
175969
174675
178403
176099
171966
179316
175647
176440
176784
180923
176715
188574
173299
174899
186814
175693
3565081
176930
173207
175186
172913
2565700
2565697
2565701
172832
173237
176707
3565338
175828
259504
179550
175495
185648
183248
4363046
180236
183247
188355
178065
189467
188360
174522
180838
188356
188358
187068
188359
184473
184472
188361
181462
188362
188357
179156
179935
184847
172097
179168
190551
177530
179969
187658
184910
186796
178854
175358
178797
178795
187323
178794
179060
183219
259467
175554
171621
260236
171926
172978
172610
176532
171803
175675
177342
173744
175798
179564
175452
191101
179031
179032
186277
185044
172644
172186
172637
187640
3565475
177879
176131
181486
179521
179584
174504
178296
174836
190441
178454
179224
178412
178477
185463
177703
179183
178476
183235
174960
178478
179457
183391
180384
188728
176126
185704
3565521
177798
184069
259943
4926921
4926895
187321
190381
172196
174118
176826
179483
191347
172833
178547
178845
171656
178542
176010
174518
180069
174862
174689
179227
3565979
180746
178171
176507
180614
175730
174843
176266
188041
189434
188777
189674
3896817
177998
187540
172582
185690
177286
184307
176215
179171
181554
175217
173855
176175
172529
172670
179241
172393
181510
179615
172882
2565702
177243
179728
181110
176000
181467
181111
181543
181408
180279
180734
182248
173511
174301
175914
173374
175231
172664
174394
191627
181136
175471
174674
172965
179936
177245
176807
180028
180027
178487
6418817
4363086
174155
180079
172759
178730
179893
176992
177794
181249
181250
176993
191631
181503
178868
181189
190139
171781
176317
184790
179465
188611
188752
182781
186353
174820
189185
178782
189063
186355
179059
174104
185739
189483
177953
186354
182583
182107
177312
180085
179234
179888
177313
173821
174098
181623
188751
183346
178781
186721
189488
186565
181777
179308
184290
180300
189054
189487
188070
189486
178718
178594
191093
186667
180295
189204
178894
3565248
183067
189943
3564981
182914
183598
174576
180642
183066
178120
3564777
180855
181066
175706
181579
180042
172409
178160
175223
172405
171888
190611
172245
179855
191138
172361
177054
179897
175083
176943
175469
175966
186756
171810
174418
176088
3565160
190186
172357
173778
181319
173432
171887
173269
176857
181859
190868
174665
181892
175556
179079
171958
176924
180315
178321
191373
176169
177413
259365
171628
184312
179910
179291
184422
174651
176276
178952
178996
176465
173839
259704
176817
172402
176556
176018
3565884
172915
179438
174140
179314
189077
175417
180160
181527
179880
174340
178130
176061
179089
176913
176207
177135
172199
174692
174840
179842
176322
180940
173414
174908
182050
171801
176765
183993
188022
173065
175745
179506
175192
174764
178387
183900
174215
188807
183901
186856
188808
173288
175152
187433
177914
174809
187150
179502
176067
177336
181644
3565222
172986
174876
6418739
172767
3565578
187888
173156
179179
186332
186255
189244
171797
191070
183912
177673
172929
175921
173385
174649
175475
186854
174737
176753
183978
175960
176439
179688
178077
176544
179652
174860
173368
173734
181268
174071
175809
172631
176051
179000
176034
171743
174474
172434
3896852
3565809
4927037
188555
175387
179963
191613
180304
176989
173234
171688
178274
181026
177841
176982
179616
185334
173331
183479
177120
174774
353489
6418705
6418775
172124
179892
172794
174408
175922
187460
3565343
259606
3565151
190923
172041
172593
179798
172681
178194
176702
176704
172279
174154
173410
173332
173968
177435
175367
186486
173657
179994
171921
173577
171666
172908
171669
171668
172557
189076
182576
190821
182575
176370
182354
176464
186680
179271
171619
180364
178453
185569
188617
179173
188793
177985
4363100
176046
176209
175337
171696
171770
181047
173985
180241
181044
175975
176120
178419
179522
172743
175851
174956
186541
191043
190607
171705
174042
175398
172024
173172
186581
176348
173067
179331
174387
174138
174137
174606
188661
175138
176094
183174
175533
172720
172858
174346
176002
171809
173213
180703
177807
181905
184864
175565
181904
188971
175090
175155
183367
183948
177320
177787
190207
177321
178532
186426
259739
182278
185203
190775
6418855
174683
176687
172143
179669
182929
173499
173524
173509
178300
177324
177550
173022
172751
176958
179213
172372
178145
172799
180423
176055
179010
174423
179634
175968
181358
181577
259343
172649
183953
179940
184041
183970
174183
178990
180306
187285
353400
175108
172172
176679
172039
179040
175069
3565273
175833
181228
179028
173062
176731
188748
186602
173045
179537
172672
181886
191049
260026
189371
174053
179727
173450
174339
186061
176241
260287
259317
173325
180307
188279
174308
179801
190477
180843
187988
171611
181652
180517
181597
179096
173281
3565873
183194
179088
173976
178088
188065
259502
172368
191319
171912
189489
181724
180766
182056
187995
181497
181458
186633
190941
189781
172535
171800
175916
173917
174963
176534
172433
176147
175472
180724
190648
173320
172023
266822
181428
180712
174216
259414
176485
180486
189090
171924
183917
4363044
171925
178738
3565030
190485
172258
186440
175902
174463
174165
179445
179043
173820
178751
179330
174472
3565680
171714
180375
188659
179913
180701
181138
178190
179999
180281
173696
172780
180566
180122
172719
178281
260136
176533
178112
176441
171917
177680
182874
180663
174026
184697
177008
174655
188156
172620
180494
174709
181099
174101
179561
3564941
190640
184409
185630
178835
191634
179752
179113
171974
172963
173160
173159
180371
174721
180357
173740
177267
180170
174130
3564822
188077
3565709
186841
172131
182092
178596
176491
177958
179845
177954
259380
177136
177137
176109
6418622
173827
173375
178934
173214
186286
184919
175493
181369
176840
179946
175842
180950
174181
174881
191734
179772
3565470
179529
3565068
181244
172088
181697
173075
190553
174190
172118
178819
174002
175751
172968
181108
186188
171608
181488
181082
174303
181353
183547
180055
174708
181054
181807
4927040
190922
172749
178339
181648
179926
178097
177862
184599
176462
176059
175545
181373
172653
180738
173248
176173
3565355
181580
4363076
181893
183847
172339
173366
190308
171880
173990
174578
3565504
180601
174603
178089
178046
173227
177897
172256
177126
181788
173171
177631
173762
180525
178723
4363084
171755
177649
187181
189732
184470
176735
185981
192084
187167
189599
178134
178921
177935
178849
180910
186195
175297
187528
178756
181492
176552
175506
186240
176870
183325
174803
172483
172355
177895
173617
172881
176688
174506
179472
190051
174953
189655
181334
174452
171920
175098
176078
175873
179748
172643
183902
172486
174012
178960
179395
177567
180860
174296
180600
175091
178402
175311
180721
175368
176609
178217
173231
174449
174821
179655
177238
183540
189998
174998
178617
175658
176254
180542
174778
178067
180723
189194
178791
181540
178639
181471
176877
172500
171802
3564833
181727
173136
175080
175738
181402
180644
180119
188365
177639
3565201
178452
178505
180875
177808
176407
174839
177783
173927
173747
180984
171685
181766
191230
3896777
178828
3565697
183974
176662
181223
180818
179364
180400
173848
177632
174515
177961
175915
176443
174145
188685
179342
178283
179437
172533
184972
176044
173819
172505
179806
176865
177931
171675
179319
180527
171687
179746
173759
191659
181442
172269
179731
179075
175377
171751
172645
179219
181157
175193
173250
178286
176399
173272
172509
190107
266853
13184808
3565275
172285
174736
3565629
179519
172305
180911
177765
178019
174386
174377
188131
179714
172267
176649
190436
188280
180308
180484
184981
187630
187542
188313
172983
190801
181178
182513
187190
174319
177604
180880
174203
174805
178507
172757
174806
174368
178873
3565569
175449
174438
174493
175467
176259
177466
176503
184331
190586
183911
190243
175196
184405
13190517
353420
189575
190225
183000
174726
180406
178084
174672
185473
176191
259478
190374
190940
3565805
180556
180444
172471
177845
175629
178316
181091
3564790
182185
173986
181511
174900
175139
3565412
174986
176454
180856
174924
178866
186584
177390
181545
181073
172242
179993
179339
259800
175028
191678
179261
175034
191676
179265
177521
175025
186671
191549
178056
172860
180073
191669
178048
184112
177212
179340
186670
191679
179262
175026
191675
180072
184117
191681
175033
175029
185332
179266
191670
186326
178049
186251
176660
191672
179734
246024
175030
186325
191668
177628
191673
184113
175031
180074
184804
181821
186250
184200
191680
175027
188792
191671
179267
179233
191667
179264
178066
179341
179260
175032
178055
178050
177522
191677
181247
191651
173435
3565955
181368
176458
172802
172801
190778
172954
179677
180670
181907
172981
172331
172047
180232
177316
181723
175039
174811
175288
172330
177968
179884
172454
175699
175766
173300
173574
175709
189536
190195
178040
174093
174122
185241
178956
176047
182812
177157
176574
175184
181457
180326
184760
176628
191743
177611
177610
174489
191169
176889
177460
176866
178518
177462
259571
172099
177405
13197791
175130
174282
172547
172642
171738
183226
174285
181518
174810
183946
178986
187463
186828
176213
176922
179612
172053
184809
177101
177392
175514
175551
180791
175524
181620
182416
189993
176582
181853
175061
178226
172891
179971
178014
176019
172264
172078
181055
4363023
176710
177280
173078
190192
180574
174755
178314
182017
175717
185099
175316
176195
174033
181422
182284
177924
185876
181455
174388
176515
185872
171700
176690
178980
175787
179662
178634
173525
175300
190377
177744
183742
174558
174527
180685
188992
187899
171704
266819
181528
172430
175598
172655
181311
177775
176142
177254
171769
172584
179374
171792
175353
177536
171972
181175
177537
180776
183124
175202
259546
174322
178536
174871
180393
176755
180464
176373
174367
179165
173169
172837
186892
190206
180514
184201
177095
177533
179555
175125
178504
175094
3565440
172110
177457
178834
187442
172052
187809
180980
188138
177102
180102
175548
266854
174317
174046
173096
185192
176919
172420
178207
182863
172477
173241
174792
175882
172382
185680
183643
177970
178284
172822
13198854
172274
190016
190013
174622
172488
172268
179202
175320
172779
191426
188657
177856
173294
171986
172660
173424
177453
188740
178054
181674
181672
172546
177425
176138
174305
3565637
175088
180262
173118
179737
183040
175572
173071
173076
176742
173070
178395
176739
178344
179524
175944
173769
175724
175458
180206
180205
186378
175770
181076
173694
175057
177543
177934
174702
177416
175739
190510
187149
182084
175919
177232
174812
176761
175082
3564937
175547
173693
175837
177577
180583
179335
176420
174608
176118
174511
175399
180015
3565407
180673
176991
177659
180864
177893
174750
172213
172784
191697
171998
186263
174087
179960
188528
184565
177341
179768
177276
174354
173804
173865
174004
175638
177921
174701
181464
181317
181264
180050
177560
3565011
172253
181495
179412
173051
172333
173358
189911
177499
4363064
171963
183676
180819
180065
179274
176526
190400
175862
180707
171784
174244
181248
181398
191199
175760
175863
178068
180608
174144
177838
180865
175683
179657
187655
177770
190948
190634
172443
179649
176825
181166
173914
185997
187844
175977
185998
183867
179424
181524
3896736
176016
181299
172744
177984
191044
172182
187345
181141
181007
172758
174374
179115
180264
175967
174553
3565931
176546
175578
173404
180883
179109
180743
177660
177902
189370
177616
175996
259475
3565684
189773
177554
175681
173239
173389
266646
183197
172423
175732
176005
180859
176785
171643
178677
187666
177918
187742
173811
175561
172320
190307
171610
176918
178052
173948
172656
186276
172514
172070
176561
3564813
177729
176758
178176
177123
172966
176643
183473
3564968
175831
172102
173517
180770
179839
171749
176523
179833
174700
177393
178303
174193
180047
190601
177988
174134
182509
181274
171893
190893
172857
174246
183652
175285
178401
172652
178546
180582
176537
190498
176842
189061
180425
183431
174245
189721
177046
172953
174939
175903
179947
185216
172223
175441
178499
180591
181129
182093
187872
3565350
180749
179632
172178
175079
177128
178468
188968
353384
174514
178071
171881
172814
176323
174460
182875
180309
180450
3564901
172683
187536
183461
176562
180010
171793
174841
176385
175552
178831
172511
171817
175936
179041
172231
176211
175616
178522
190369
190115
172288
174204
171639
178482
174997
172937
177981
179685
180430
174264
179854
186322
190635
177929
174785
175774
188311
175682
176320
181194
176145
178064
3565572
185213
179091
173353
181217
190101
178481
187322
180729
186047
180728
174338
179606
178927
175710
178935
175485
3565834
185718
177355
177354
177389
181370
178446
191736
179938
174739
181573
175051
190454
174476
174968
6418709
188484
174681
191360
185684
184341
191359
175529
190310
172917
174830
176548
183539
181714
173967
175895
182292
184337
182291
184934
173930
180632
185682
181043
189074
180773
171872
180810
181004
176796
175768
186979
179587
176783
174232
179353
172034
175445
186574
173801
179049
173347
173080
190608
181016
187123
178869
3896818
176036
185601
191741
176519
189617
177726
180787
179642
172510
177857
181210
179653
172730
175569
176495
177511
185482
181441
175725
175512
177105
182030
177318
178153
173579
174965
175907
172077
188731
188732
171617
171957
259500
175813
180974
176664
178020
172809
182608
183168
172378
183400
172033
176260
191612
172353
178645
176388
179120
176641
176646
177725
175772
171737
181374
175248
181611
176369
174833
178696
173580
174016
191754
174017
178320
174373
174947
177406
177332
174197
180850
178229
179488
173149
183254
172876
172107
190919
3565184
189910
185813
175414
174752
174168
189703
175728
182649
180847
173904
182228
191704
172525
174157
171914
191708
178268
171938
175742
177181
177182
185268
177896
191468
174552
185709
172184
175344
3564835
185868
177818
259340
176637
178887
180399
175464
174955
175330
190701
174252
175306
173192
175664
174254
179243
175537
180016
181218
181393
173403
13184661
174563
173575
173601
259488
177824
175834
178038
175335
177068
189578
179523
188607
174099
175270
181001
179313
184203
190250
185079
172027
175078
189240
176244
180581
172562
179190
179676
259839
181404
177750
176764
172491
175521
172698
179321
176872
171712
181335
175956
179228
3565103
178916
178847
177234
176190
172422
171646
174090
177900
177848
179765
182350
174909
177636
175702
175189
260224
190814
176627
175784
183252
3565590
178361
7040172
179365
172345
184953
191629
171697
174471
180448
186953
182694
184757
172866
177873
180764
180314
172939
186271
185802
181944
176488
172979
184440
177928
172129
185757
176063
175081
172250
176531
181258
189474
181285
180964
171774
172028
191515
173439
178326
172754
189236
177397
3565801
175861
176277
189472
178175
176269
173784
174598
171874
178874
176053
176863
177538
172624
172883
178148
173921
178053
175614
171622
180246
174748
174747
190032
174073
177566
190364
174171
172272
174175
174677
175145
173437
171790
191277
179442
184085
171901
177837
178103
173773
179312
177580
176614
175971
175722
180719
176165
191753
172229
173631
174274
191745
173362
173150
191749
181764
173898
171950
173426
191746
191748
171609
175165
191747
177951
181456
191752
171816
191751
180876
174940
174678
191750
179663
179665
184442
180561
177430
177532
173952
3565577
185331
177070
177996
172064
188966
178181
180039
173232
172295
173987
186758
171954
175852
180586
172234
172450
177621
174436
187602
175201
182736
177307
3565698
183784
187164
191291
177298
187158
172987
175619
177262
172387
4363107
172787
176998
176225
187474
172648
171866
187770
171590
177666
175435
176237
173329
172813
176966
177265
174823
176114
172045
180822
171787
172766
3565260
172155
174329
175443
177836
174663
174779
172611
191767
188497
179692
266648
3565852
181692
177235
179674
179063
178524
179945
174279
3565996
176716
177108
172539
173205
186761
189679
185650
174676
177964
179411
188387
173298
185984
176555
180003
172940
172370
177456
191000
3565076
176089
179094
174268
172208
3565877
177679
179225
178999
179159
186382
188353
190664
184611
179009
191419
187863
181380
177519
179022
181473
172920
177624
180700
174079
172123
177440
179583
179853
175974
176391
172327
180779
172735
172207
174513
174816
179458
174808
180462
180183
180811
185267
175444
190780
173857
246008
174313
179107
176188
177161
190260
181021
353380
185035
172457
175430
184768
188470
171597
187007
190808
174235
173200
183981
176226
172035
181556
189950
181961
175555
175973
178942
178007
187448
172718
175712
176743
172663
174661
173783
177764
177603
187504
176072
177711
353387
178026
175719
181331
176239
178094
182644
174392
181538
191420
3565514
172257
178158
183426
187870
180745
266912
173768
173141
178045
176013
172474
178021
175092
173175
188181
172036
173953
188739
177165
177509
175713
188321
186285
179882
171965
173843
176749
171594
174999
175998
177113
171768
174034
176050
172841
3564936
178470
179346
177512
179104
181858
181857
174883
179355
175563
176429
181585
187898
181251
180672
191619
188474
177701
171689
180233
181530
191617
175581
177615
171672
188513
187773
178777
188368
176397
175490
171665
182520
180297
189559
186644
191264
189441
185240
189941
186129
184343
190222
259646
180443
174902
175360
180475
172647
174586
177525
187273
178537
180029
182257
180244
190455
181671
179398
178290
171946
178364
188806
180823
173877
3565254
188805
176395
172010
176833
3565064
173028
174534
178965
178963
178964
176232
183469
187136
176851
180809
176052
185946
175911
173100
176625
176577
176954
183199
176663
171824
185726
3564807
179486
171960
182242
191467
184915
176075
182859
174684
184887
184725
172328
188880
186051
177208
185677
187692
177076
184829
182860
175880
182956
177489
172082
190550
178923
3565302
189799
183037
188557
174561
191183
178340
174933
174626
182476
171844
177485
191296
178117
176657
175257
177943
185220
175610
179469
175233
190269
176497
172381
177055
175394
181999
176879
181323
191439
174131
180263
173122
176358
188846
181417
180460
173161
180808
178147
189782
172999
190278
187337
177840
173440
175795
173920
175771
175117
176409
172146
176461
175818
172413
187837
176343
174150
174149
178955
179598
179500
174378
173867
183250
180180
174364
179852
176153
172995
190438
184497
173384
178988
172324
172238
174590
179641
175925
176661
175403
178501
176837
175573
266858
184246
182352
183344
178251
191309
190174
183343
186048
184099
178253
183345
178252
186050
178798
186438
186714
186049
186053
181273
259721
182351
186521
182028
189870
191308
190179
179941
179493
172139
172679
172942
178943
174571
176978
173168
173334
173858
172674
176161
171975
13188172
180471
190574
175175
175187
176027
187885
176084
176295
176305
171645
185146
175437
175980
172666
259329
172032
173157
182490
191797
180429
173942
178878
182714
173222
183943
178937
180699
171984
191295
171982
191327
187449
172359
177279
172571
177833
175343
171983
181834
171861
185396
188965
177443
191361
187450
175350
3565419
3565511
184714
177832
185271
180332
174355
187909
183570
172740
175395
176981
174437
174685
177898
171626
172298
180919
177973
171922
175700
174572
175613
180935
175608
173772
177576
172466
178872
180123
174509
177480
173456
178350
173510
185679
179436
177903
190277
172224
174127
174126
179968
179056
178277
180827
178234
190486
175515
183192
182934
185224
174456
172392
172008
176453
176772
173459
174992
180862
182325
187120
172867
176608
174793
172347
180319
178681
176306
178150
177002
186441
175885
174958
177706
176584
179678
172828
177826
191635
191366
188883
190185
182879
177575
188489
266839
176214
178307
188882
187810
180121
172638
175190
3565352
172728
190999
180323
174875
178104
175625
177709
173003
181558
176905
176163
3565859
176563
13191341
175734
174781
179358
172344
174332
3565253
177762
174357
174623
176914
174398
176639
175788
174151
176517
177562
3564851
178295
175905
174410
266904
174275
176636
175731
174842
179116
177294
172092
3565471
186576
174238
187558
176946
178259
175976
179967
177216
174577
3565712
172893
176815
172909
3565369
181590
189666
179409
266650
176327
190589
184848
181344
178458
182379
188825
172838
174664
174666
178870
187789
175618
189180
186784
185746
190249
3565584
266916
189220
187502
175195
176613
174602
171883
176387
173322
176301
175525
184692
186533
186266
187233
353434
174974
174311
178778
180535
178279
171949
172818
176891
175455
171692
178342
172201
171853
176146
173873
175796
172062
180748
172617
174379
171750
171767
178352
180343
176903
172921
191404
173235
174443
174166
178173
176097
176007
175141
175460
180044
179153
175501
176718
175840
186086
173558
186085
175070
174695
172074
179230
174371
176015
171602
177203
190636
176071
171766
172943
172401
178297
172811
183983
176733
172732
172815
177549
13187936
177505
172164
176285
175666
171889
186840
171710
190311
188040
181917
176482
180397
172479
173400
173415
175174
176197
172741
171682
175894
3565661
188274
176926
3565796
182876
173279
176717
180548
178336
178599
3565999
174380
190766
176115
179708
3565940
182229
174222
173863
174822
266861
176642
181630
176411
191053
172830
190096
177241
185991
187635
184515
191469
175022
190071
174847
174540
191372
188239
188642
174491
189457
176799
174936
182216
178763
182217
187636
175021
187498
185541
178764
172200
173742
190810
180571
172651
181002
172162
185534
182547
175015
172752
182648
184304
175660
172412
184886
174630
178823
176362
171763
177190
40831
177491
175056
175668
175767
172680
176950
174208
179178
171877
189252
172321
172081
179418
4926972
174671
171916
173074
179959
174434
176043
171892
175995
185404
172044
174786
172977
3565888
171789
177455
175877
176196
173807
174715
172009
178289
174478
175972
176273
172278
177753
180168
173317
177349
175701
171976
266878
173854
178728
177853
175517
186604
176321
13198805
174111
172902
176864
173461
180369
177875
175748
175906
179942
174634
174018
177403
172061
176012
3565889
178083
175786
175901
176006
179711
172693
179998
172313
178408
172805
173309
176011
175338
178188
176858
4363068
188943
177365
173342
175413
185243
187141
178538
176975
175235
177583
179154
175584
175879
177481
173260
178012
172901
177503
174699
180324
172018
176426
175747
186925
189051
172504
172406
178156
188492
176176
188488
173204
171647
171719
175438
180011
183765
175628
174588
179229
179721
187843
190379
184267
176162
172691
189618
180368
3565469
175912
174631
173356
185109
187087
180240
191523
175325
259526
179345
179981
176267
180674
173005
177674
3896832
182683
173767
172910
181316
189724
172687
266725
172296
179388
177458
176668
176103
171834
177797
174725
172778
173236
177589
178278
178348
173606
190579
180185
172408
176087
173340
175723
173144
179300
178829
189590
174395
175727
174543
187350
181773
178008
178407
179510
177027
173808
181003
179749
177239
183220
174430
173158
176554
172581
3565956
180405
181212
176456
173763
172996
179069
172397
172259
190983
186264
180057
3565542
185673
4363016
190987
3565961
172385
180256
179671
260040
174482
174870
174266
174253
188149
182025
175218
180759
171876
172641
181131
176957
179193
176302
180650
172431
174360
173994
181634
174945
179870
182525
181084
176289
177507
180456
266842
13180975
181030
176862
186226
178183
178078
171776
176349
3565362
181272
176242
174459
3565503
171935
266836
180593
181797
180696
173971
173223
180317
178060
173278
171711
174429
177142
3564769
259396
172898
173910
172924
179427
176233
188509
179611
177233
176748
175284
176619
176994
259566
175012
180853
178304
172756
175662
184086
175096
180772
172949
185242
176969
3565129
182356
174662
185237
175549
189611
176398
183402
173220
175571
175832
174427
3565210
181765
173006
177246
180831
172768
173922
177260
183307
189813
190157
173186
173185
3564899
190158
177956
176445
175246
178201
174081
175522
173846
172303
176228
179494
175206
176997
175415
172628
3564910
172733
3565074
172630
178907
178017
172775
172773
180081
180148
191762
178839
178840
178494
178496
191763
181445
178447
191765
174257
178493
173729
181447
178495
181446
260116
174943
176328
176224
184169
260268
171736
190979
175680
171942
190099
175423
172011
177979
353395
173880
179443
172157
185707
181384
174776
174669
172116
183454
183453
183458
176559
173874
175603
175492
189995
179639
174072
178483
177044
191766
180939
266820
179675
176511
174103
3565237
182319
188482
353398
184939
187764
187763
188772
180666
3565719
188168
178349
177041
176230
181650
174091
183288
174010
172373
178015
180705
175672
179192
171592
176090
179140
174645
190949
190399
180468
174141
176336
172632
181748
174353
178398
172952
174600
186478
181253
172163
172967
176292
181354
176703
176133
174914
173876
191771
178363
173408
177923
174316
179872
178739
187609
182329
184922
187966
182087
189164
7040143
187608
184076
182326
191434
182298
180038
180708
172984
186272
192052
176331
181378
186214
175172
178143
175621
178216
176680
175058
179578
172603
181027
172810
172209
180435
179236
190975
179686
173625
259584
185438
179781
182458
187970
174326
173519
181230
171886
184613
176421
181505
177647
3565871
172677
175357
188472
3565879
175821
177251
177250
176132
172820
187374
172106
181326
181327
178215
181416
180165
172262
184845
181277
188697
181415
183971
180981
178587
173512
182474
182953
187681
187242
178004
174931
175886
176653
174350
186196
353486
177626
176257
174743
178219
174981
188475
175252
181570
180485
179795
174333
178469
181280
177555
189085
179357
187335
179626
189195
180828
181094
183842
179996
178022
180356
183187
173310
172675
184951
174531
192085
175474
179489
190203
174019
177561
183186
190954
173303
171985
174749
171821
176334
3565124
176860
172904
178415
171970
176003
172311
174351
171890
180303
175703
177978
177926
172499
172884
174159
3565121
175538
3564939
191323
173312
172442
176578
173117
174023
175659
171969
177859
177200
178859
176140
174790
3565110
173224
179184
180231
177237
173311
176682
175791
178502
174765
180243
173764
176022
172542
172543
4363003
176551
175303
3564983
176617
191066
180698
172451
260198
173257
192051
171630
172552
173498
177129
192053
176686
176798
259457
174524
177202
180382
171836
178732
175697
180347
190617
178095
175419
173167
185538
174680
172831
176568
172717
191455
184569
189479
181170
175461
175519
176501
181036
179680
186176
171791
187156
176361
178146
176054
172676
178631
181615
190698
182427
172346
174120
174318
174421
174330
175588
173581
190628
178670
176928
175819
172944
171699
3565939
174005
176065
189429
175355
175909
176869
172688
172713
174475
259619
172470
174199
178544
176838
173602
176425
190298
172168
175520
178431
171661
172290
179419
174450
179771
178563
179081
184068
178572
185840
179046
190108
172704
188431
180070
179932
176258
172075
176756
176216
174161
3565206
187992
175432
175900
185395
188458
181704
190257
259768
175829
3565829
179617
186728
187919
177661
177662
173838
172686
176580
177242
183965
176907
176769
174722
173041
172302
179481
175331
177475
13198804
176106
4363059
177906
259698
180607
181565
173964
177377
177756
172538
179567
181096
172739
176983
179093
179964
176419
178893
3565739
173613
192073
181485
181224
180592
179682
192078
180164
180594
180252
192071
176572
174321
180163
192070
185227
190614
192079
182966
185335
174756
180054
178358
181349
177803
185149
181922
192072
181024
3565024
188452
180161
183583
179699
181139
181703
185828
192080
192074
183714
189006
192075
192077
3565640
182864
187626
177727
176652
177084
172697
179691
173036
173436
174431
176101
174092
266847
174825
191525
189967
259522
176631
174978
172167
172418
191623
179603
173947
174844
173319
189919
3565050
181778
181637
187397
176845
182240
181345
3564796
171716
174788
183230
3565896
180386
179604
172371
173388
177451
184505
171864
3565972
177847
259376
173286
179920
186775
174110
175876
179957
173142
259389
175543
190860
175476
183240
174753
179394
185357
190338
172217
180478
181863
189905
176929
179434
171897
179196
171903
177133
3565035
184699
178464
173812
176995
259501
177932
3564837
179582
176427
187090
177677
183205
181711
176996
175740
179363
172149
187060
175497
177855
177607
171968
175982
173354
173072
182321
175185
182322
5657579
182989
177073
185003
171734
186057
178006
186094
175985
177170
181979
259424
173637
174217
3565767
177228
186377
173228
176363
190802
259626
179039
178779
172782
181647
175853
180175
177437
174780
176381
179538
174861
174567
174290
175310
181312
174300
178977
175105
171953
173813
177057
171804
176187
173407
181603
179435
177609
3565860
179055
177486
174295
174991
176814
174307
173859
186900
175704
3565434
185642
176633
179371
174439
3565732
174760
173040
179023
189267
180290
174037
13191153
172140
178311
180771
179832
173779
174038
172015
174409
172192
175536
175994
174080
175715
6418594
173520
171811
178346
173339
178185
176604
178667
177757
172134
172589
173338
180982
178451
179902
3564970
180692
172137
177017
176338
177442
174596
172216
3564892
187779
176383
177018
180534
179223
180837
13192684
180457
174272
177524
178641
183952
172221
182190
184093
176141
175913
174827
172705
182925
173962
171654
174442
185663
173143
177617
172755
183717
173229
176221
174095
176424
179520
172280
174762
181618
174000
180449
180800
181018
179473
172612
174028
179242
176377
171806
183878
184346
187194
187193
180621
187195
171919
176481
180463
178174
177704
172769
266873
177556
181419
176980
174008
172528
175804
178397
179248
173352
172771
3565858
181112
179503
3565205
177419
187700
179160
177581
175059
175071
181578
180695
178250
183253
177366
178118
266949
259455
173453
174212
177370
177495
3565648
185809
173906
173907
178945
180186
178085
181990
175531
187969
175486
191275
179370
183636
185932
185191
259724
13186920
185330
178016
173001
191715
180318
177963
178918
174148
172669
3565202
171764
189124
177424
183743
177072
179392
173798
172343
174560
185795
179482
175191
176248
179780
190742
175465
176028
176920
172926
178722
176470
174834
176024
174824
188044
178200
188043
188042
181675
185814
183293
183292
181791
176640
180731
185711
174207
179400
179507
173123
188284
180305
173654
174528
181068
171725
190511
184913
185877
178665
178615
179490
186497
190129
3896802
188269
3565371
176669
183365
176671
3565853
186812
190947
180197
176311
190072
191267
178041
179014
183324
189962
187295
176959
182618
177714
189356
185544
180736
180270
175159
179163
173482
181640
178509
181233
179576
183065
190312
184743
183836
183833
184742
177888
183835
183832
3565013
174195
183834
188051
178013
172684
177565
178223
177359
176031
172284
178437
172282
172283
182752
177339
174872
172829
177789
189726
191122
173663
184840
184835
181900
173665
186910
183353
3565152
173571
173572
183352
173610
184839
186909
186908
191121
3565488
191126
176468
183355
191119
191125
182739
181898
186517
173664
180135
181899
191120
191123
353388
179618
3565854
179679
187826
177942
174417
172615
186851
189078
179782
181225
173412
174983
171918
176757
172148
178790
180792
180370
172623
183935
175505
179036
6418708
175239
179444
179528
172585
175052
171759
3565105
175153
182462
188238
179898
186039
190362
172485
189438
172564
185848
182480
183015
182780
3565100
190384
182985
185260
179767
189454
182935
189513
187506
189091
190367
187832
182348
172441
172113
3565539
175600
178149
183813
259963
187933
174231
180562
174621
171835
176759
176906
173639
175216
189092
176205
173795
175459
185793
184226
3565298
172640
180459
180671
191713
172435
186874
180522
180403
173997
3565073
175741
177422
172522
184342
177755
177368
184952
172654
179875
179876
173330
182382
191472
187286
177822
177664
3565323
184787
175272
3565633
171601
4363014
171956
184330
176275
181759
175389
174077
178620
180554
176560
177735
177738
178157
174011
182004
178285
178151
177643
172226
192056
175446
176202
175043
173739
173864
189162
178211
172205
