174167
3565648
176222
173086
182970
172659
188128
181310
174341
177855
175882
172382
185680
175378
181552
3564938
173053
182212
191509
184340
190110
187152
185826
177180
172172
187285
179940
178274
172774
179225
3564888
186874
187206
175305
3565323
175849
174278
174751
175268
172141
177587
176739
185801
173977
4926960
178357
191484
181288
173686
174191
174340
173775
177558
187249
187708
179880
174717
171607
177095
174758
192062
192066
181376
172941
181515
179808
181153
259373
174192
177787
177321
186426
177320
178731
183773
173131
175652
182375
184217
173132
191542
173591
191541
173587
259719
181901
173588
181130
181618
173014
176632
178044
172426
172189
177671
187783
186608
172646
178031
178036
177510
353400
175108
184041
174183
183970
180760
179647
180027
176807
174394
178487
181136
175471
180028
179936
177245
4363086
173038
191363
190310
181419
172561
174790
4363116
180751
267057
191615
176484
175561
176527
266969
178135
178671
186100
182302
189281
189278
175677
176888
191093
179561
174101
174709
181099
186667
183209
181431
175934
177292
175664
173192
175942
181598
191374
246019
175101
180626
180396
178301
176476
259415
180526
182165
173391
182884
175346
175983
186392
353379
353378
171906
174005
171652
177408
179770
172750
172520
172662
176566
180767
179533
176793
179535
179534
3565961
175753
184130
177067
189870
186714
178944
191522
173334
178217
173080
173347
174089
191603
175072
191597
191602
3565200
191606
191604
187971
184752
188099
190895
187972
187973
186551
181155
187976
189903
3896858
187855
187632
187977
177409
179574
181009
190370
184621
190686
191596
3564870
184620
187975
182195
191605
175971
173064
178377
179097
175143
172168
179981
181626
184359
260007
172817
171785
190137
3564763
187121
177989
177729
183252
191619
179877
179485
175105
178779
172782
13189316
175623
176613
173071
173076
173070
178965
178963
178964
176232
183469
173870
174900
175853
172768
173922
177260
173921
3565704
181789
174454
187290
180373
188239
191372
174936
175168
174612
181571
188761
191700
172390
191701
178686
180615
180617
175323
180549
175542
179070
181599
187438
187440
187439
185312
189193
184594
182211
184592
184591
185311
175204
171801
191797
186188
171608
175681
173280
173629
185643
171699
178236
259458
177704
172791
259424
173637
179964
179093
183205
176392
176122
179638
172481
176615
190649
176767
172151
177925
173167
191455
176568
185538
172717
184569
174680
172831
175419
177748
176947
177187
177487
187723
180529
186968
177230
172222
174336
176558
174484
176519
176490
185224
174951
172554
175149
179464
182508
183141
185500
179446
188885
186767
181413
181205
178330
175591
189771
3564933
182814
172087
188619
179450
187130
172085
184295
187799
176366
187129
178744
186768
182577
172126
179406
191174
187570
186766
184052
179759
178940
178905
184292
179753
178581
180404
185120
184266
178882
174507
172086
179449
176904
184294
187955
183462
178880
179755
3565443
177139
184293
266913
180969
178883
177380
185911
186769
191171
186975
177939
177366
178118
180313
181530
181529
173366
174544
178265
181251
188474
172059
181562
189724
183847
181588
172917
187467
172841
175300
176250
183452
172961
185012
177933
3564810
188793
4363100
3565337
176650
182524
180468
190399
178361
173095
191049
189371
260026
174053
188778
175443
174130
174683
179801
174647
174562
185766
183364
173537
191317
3565336
174537
191343
173351
178151
187454
185156
178536
174871
180393
176755
176846
189610
176060
178736
179504
182693
181302
171616
174876
6418739
191422
181035
181101
177494
181728
174306
189033
181534
189058
174069
177677
245996
174125
181761
183165
185096
188907
177437
174780
181647
180175
190579
191516
180933
191699
181627
180927
177016
190623
189472
172969
178004
174931
173348
189689
183775
177915
179190
179676
172471
259839
181404
176764
177750
180581
172491
172562
179321
181195
176201
175636
176815
172240
179307
172234
183428
190025
171722
181261
173296
171715
177642
179274
182148
173822
175519
175461
181170
176501
181036
187991
189783
176868
187397
176845
3565717
176432
177527
174830
3565634
181767
185330
172505
176865
171675
177931
179319
179806
175110
172651
6418830
187642
176096
179708
176115
266650
179409
179853
3565408
185837
185836
191755
188189
191959
178585
179125
179195
191960
178586
177762
174357
174068
259720
181567
177890
181187
183417
173755
179973
172026
178463
266825
187229
176802
179824
177196
3565594
3565413
187239
185112
184269
3565637
177460
191169
176866
191743
177611
174489
176889
178518
178425
190738
173089
175326
176953
187448
183413
176743
177647
178903
187728
182136
178954
181082
173085
177436
179667
173318
180203
180589
174467
180744
183121
179366
177138
180670
172981
182874
181907
173058
190814
172329
177533
179310
176126
176125
185704
172788
172449
174258
179251
175999
176204
175521
172698
177157
176574
178508
178108
177956
172952
180980
188513
187773
187660
180059
183605
187661
182170
183635
187662
178933
181783
181263
182882
177551
175993
179589
187178
178821
181661
191720
181491
179588
191719
180560
7040157
172786
187186
176546
179074
178102
177165
181022
178966
182128
190566
182987
182127
172253
181495
179445
180570
177513
179357
189195
187335
181094
179626
189085
180828
183842
189942
171597
175275
184211
189994
179668
171650
45958
175080
179081
179771
184068
178563
185840
178572
179046
190108
173859
174307
186900
175948
184000
177557
179410
180941
182630
174245
183431
188904
179361
189842
179362
181150
172422
171972
178949
191607
187624
182254
175504
175596
173855
177554
181414
176415
179436
184989
183564
171700
185715
174462
180317
181157
179546
172645
179219
180708
180707
182451
174675
173376
177186
172230
190293
182346
173969
178235
179010
190588
171807
176540
185685
176813
186814
176645
178363
184035
180025
177010
174284
187021
189770
185933
3565670
185735
175714
179946
176554
3565956
181524
179424
181697
172581
172647
176425
176716
189861
180827
178234
182142
182143
189851
176918
175722
175245
176328
171876
172147
177363
177594
191966
353387
172868
178415
180010
179842
176322
173927
173005
176304
173493
171879
172461
171857
177504
175774
191160
174353
178748
175839
175383
180351
179991
186805
176025
173040
181432
190865
181299
182313
177055
174360
172431
173994
185099
180650
181634
179870
174945
3564775
179564
175669
172858
175951
181325
191695
183398
172591
177466
176259
175467
188041
189434
188777
189674
178619
174365
176229
175955
174449
171593
180990
177539
181573
178981
187288
173217
181689
177440
180444
172110
177126
266837
259434
180459
172640
176640
317824
176280
176064
176298
182961
3565044
175727
180539
177753
183636
181148
176145
179192
171592
180374
175920
188117
178326
185936
182876
172653
180738
180530
181595
189136
175926
174437
178208
174808
174685
188628
185885
177898
178284
13198854
3564879
185573
3565776
176969
186361
185954
190633
185242
6418621
190657
4363087
187813
173626
177204
175087
173734
181268
174071
178982
178205
172339
176190
191275
192063
192067
174028
179521
188238
3565838
173881
172710
172290
183728
174077
175389
175671
178072
180445
189276
175313
180524
179509
174760
177651
177652
181797
180593
171837
174476
187770
179685
172553
178211
175376
189418
3565560
4927064
172613
186108
174024
177344
176265
183002
176310
174027
171895
33346
181030
176862
174318
180611
179736
187960
245998
189919
189918
188483
180690
172614
181554
173931
184892
173331
181674
181672
173826
188739
174848
182417
176085
180437
171974
179752
179113
176597
178987
177757
3564818
173440
181076
173694
175954
177082
177738
178157
177735
177283
189622
183946
183613
173728
174066
177800
179084
180067
178074
190396
179524
176981
171983
177924
173401
182722
182643
179347
188499
179571
180706
259501
176044
175226
259646
183572
13200504
185914
189351
176404
187743
178037
174419
173771
185152
183582
175783
173316
177256
176666
180783
180277
187293
187001
175691
180800
180042
181579
172712
179049
184977
180658
181360
178941
259704
173412
175499
177340
176349
173007
175590
181164
175573
266858
176837
172458
177821
177870
173399
179217
180455
185495
186274
174692
175952
188527
187481
175310
181724
189489
187995
174739
176636
175731
177743
176429
181585
175563
187898
177952
177696
181229
174614
179381
183905
171727
172579
177156
172702
180903
172966
172511
176643
177701
171689
180672
180233
3565116
176258
182450
181771
176286
176282
173042
189642
176076
176430
187005
179957
173373
172207
179328
176698
175369
181605
179109
176548
187492
177770
176019
181265
175056
176270
179976
173233
180798
178846
177894
176343
174150
174149
180302
178661
175558
176112
176647
176736
176557
178343
180582
178342
3565010
172870
184972
177118
178752
185589
185653
182888
183602
178695
189364
187705
185591
3565571
183484
189444
187025
190065
178706
179148
178704
183193
187185
179885
187184
188400
187183
187573
180889
185652
183378
178926
176673
181200
176787
180812
181429
184107
179611
180920
176131
176946
175976
183841
3564865
177711
177518
174312
178278
177589
184174
180769
175288
172330
175680
171942
181203
181146
181145
171670
176578
172442
180681
177556
181255
183785
175088
179248
176137
179862
187340
172840
180725
172839
181102
171884
181719
174046
177682
175331
174560
183761
174964
174557
173992
175488
179034
181786
181199
178548
172623
180881
183125
3565884
3565059
180181
174744
180946
188733
186179
179527
3565400
181332
176000
172118
178819
180359
179860
176314
181708
179597
179841
178892
173434
171990
178740
180637
6418806
172650
185558
175261
179292
180326
173968
181341
177763
180856
173876
186954
187903
176493
182374
3896813
176653
174978
176464
186680
189866
177791
184575
181188
173207
176930
186903
176167
190602
181510
172393
179615
172882
180761
173518
178000
176289
181084
176595
176848
172297
173998
173962
182925
174013
172705
180241
180671
178504
175125
173700
175385
176483
178040
178171
3565829
179617
186728
177662
187919
177661
173838
186729
179259
184118
180578
173173
182953
174505
178535
177314
183155
173574
180571
175169
174695
177398
185875
186908
177037
177281
172367
172358
172351
173940
181758
173466
173979
181473
172920
179737
171730
175459
190268
180492
176812
176220
181058
178491
171988
173742
176531
181999
178068
4363028
171999
6418581
172389
187297
266828
181316
172687
173976
181698
180765
181699
173973
178747
180414
180430
187585
174352
180612
177170
181269
191761
174331
179003
183753
183120
185719
176899
190011
174536
175851
172743
173784
178175
176269
187608
184922
177244
180446
174400
3565968
187342
188084
173958
191327
177833
178465
3565291
173134
188925
175977
179583
179584
178454
179224
174836
179183
174960
190441
178412
174504
178477
185463
177703
178476
183235
178478
178296
40428
174447
176372
180801
3565419
175485
176166
176316
181174
175192
176511
178768
172856
174333
173470
186453
180832
180643
179427
188509
173293
174092
178540
179677
180252
192079
185149
178451
173338
173223
190959
171635
171771
175373
181198
176023
173405
172508
177327
191707
172914
175972
176273
173807
173863
174044
175781
176102
185662
179570
181450
178617
181066
175706
178143
171630
176224
184169
260268
173314
175100
174478
171933
189330
171647
171719
172260
184687
172889
174762
178524
179945
178769
178770
175632
188744
174530
177882
176880
187623
180641
174721
180357
173740
180664
178168
180538
175470
171891
259455
177616
175996
259475
3565440
173317
175871
175534
180358
175595
177336
181644
173956
174120
190698
178631
182427
179540
178090
180279
171787
181517
3565243
174097
175126
181339
174564
178845
179549
178738
177562
177206
184790
176317
173744
185404
176624
177797
178204
174440
174535
177613
177612
176916
190325
176620
176596
179828
177602
177078
259604
176072
178759
184563
177379
175674
172597
176646
179442
171901
181002
171849
172162
185534
182547
190611
171888
172414
172245
172361
174418
190096
178723
4363084
180086
188854
172270
183331
191637
184265
189344
182971
172103
178930
189722
176472
179600
176691
179834
181135
181331
174098
179308
188611
179555
180961
174225
174980
180133
183199
176663
178117
176657
171824
171994
174316
189090
172939
175074
178909
177493
181484
178633
180749
179632
266822
173500
178510
172101
178122
179100
180162
175746
185487
184064
181769
180709
177334
181412
176752
190553
174190
174359
172700
180654
173511
175372
180505
182257
180244
172464
177852
177112
3565504
180601
174603
174578
177777
188710
177778
176148
180872
178660
184215
180895
178659
179287
184214
179288
176471
186113
179289
191528
176622
176008
184559
190740
175043
173864
172088
175931
176766
188251
185435
186388
186002
185437
180299
190567
3565354
177163
174893
184314
185434
189654
180188
186582
185439
183242
171967
3565430
181993
180189
187671
180298
181855
181854
173111
189948
191451
175003
185436
188250
185385
189944
173430
183396
187664
186419
191215
178689
173011
181944
177254
181110
181111
181467
181543
181424
172396
173701
174141
173776
176336
175638
176068
259467
179665
179663
177430
181227
173894
266854
174317
185634
172432
173613
181485
181891
187425
180978
190975
189606
189605
174433
175712
172718
172689
179968
179056
174127
174126
176009
185773
174791
189424
180722
189926
191958
188742
177790
175643
173439
176680
179027
176387
171883
172477
181004
180810
185682
181043
189074
180773
180811
185267
180429
178878
173942
182714
173222
183943
174902
183935
175717
177736
179590
172183
178983
186315
3565921
178551
178552
178550
189855
178549
36810
190669
4926919
178895
175225
172483
174803
177873
177685
3565057
191697
177141
180622
179953
184218
179951
184216
185147
175094
175237
172497
177491
177190
175625
178104
175433
180011
174875
177709
190666
186917
190249
172679
179493
171756
175257
177489
184915
191296
178340
178923
178503
191350
178445
189679
176715
188574
180923
177343
189726
177789
177761
181893
181580
4363076
183219
175685
177865
175649
175089
173288
176278
189764
180507
180506
190409
180645
180840
173041
176458
175985
186057
181400
190302
183676
3565703
174992
180862
175440
181776
181775
266653
181563
173978
177617
172268
179202
3565633
176390
178997
186386
181138
178190
180844
180356
175599
185871
179079
171958
177392
175514
177101
187602
179160
174965
176512
173176
172184
176987
175756
179077
179629
180603
190150
177197
173249
176063
175662
184086
185257
173503
180158
181182
175608
3564959
171646
180675
177850
181284
176639
3565260
177102
180102
190574
184419
177908
172930
174700
180719
176165
191753
175698
186741
179398
181671
173327
177548
177911
177668
179863
3565442
175247
176697
183575
174473
179054
180518
259570
178823
191069
183163
189549
173287
190679
190678
260030
173441
187699
172089
173794
175744
186634
180021
179167
188727
176706
181489
185019
172474
178185
178725
186346
190230
185299
190228
189017
179127
189932
186347
189332
187613
174916
179657
187655
176520
173203
180368
180372
180621
187195
177386
181668
174410
174643
180843
187988
173880
191614
173389
266646
179884
176335
190269
178364
171916
172155
172739
187517
174079
176849
175890
173124
175081
175233
175610
179469
176268
172044
181497
180766
181458
173074
179959
174285
174974
181423
180361
181561
192089
180418
180002
172663
185946
174026
182056
172196
190381
259943
184069
174118
177798
4926921
187321
3565521
4926895
180409
180408
181202
181677
180289
190710
181587
180691
178939
174416
182896
179200
174157
191708
178170
176569
178385
180119
180644
177639
188365
185479
185764
181590
182181
176031
183522
171882
174208
175909
6418592
173936
188361
180475
175360
181604
180817
189666
176507
180614
183736
172602
182164
180280
175771
176409
173920
175117
172199
176454
182875
185690
177932
176864
171875
179596
177249
181714
172737
183250
183247
188362
188360
188357
189649
181926
175012
180853
172037
172102
181041
178306
185141
178268
178260
176196
183650
184903
173650
171814
190214
176641
177893
183878
178350
185259
181306
190090
188259
172371
179604
173388
177451
184505
173128
174754
190668
179140
180352
188695
172256
187322
175831
173301
178079
172012
179309
176302
191654
172093
176960
172221
190204
172842
190882
177575
174223
180851
181664
180597
180638
180035
191504
180349
181931
174319
186880
181300
177781
180791
175175
176069
176521
179326
176461
171897
176929
181863
189905
173028
172938
180536
173372
178881
187019
185714
174322
182861
185575
176549
189977
185423
180997
178844
177632
173848
3565193
176616
3565129
173785
191713
175404
181330
353403
187462
174642
173360
180776
181617
188307
181045
187904
184865
3564773
184798
188531
3565692
186417
183769
182795
173353
188530
187128
3565642
185350
3565824
186035
183803
184924
182765
3564801
187074
3565768
174304
186032
186281
188331
183080
182766
186423
177914
186242
181600
176575
180972
181713
181478
175794
176556
177581
191320
175131
175341
186230
189211
185623
183747
183681
190424
172302
176344
185718
174908
3565292
185275
182757
190917
185390
183891
192064
179500
171683
178042
173963
174428
173279
181292
191402
191703
176254
180542
172468
185177
185175
181582
178032
175018
186048
191309
191308
178251
182028
186049
183344
190174
178253
183345
178252
186050
178798
179709
183911
190243
190586
189575
190225
174264
176590
171656
181228
175833
180816
176140
3565405
181492
176552
180987
186617
179415
173304
259698
180995
173846
3564813
172837
177530
179969
178250
181578
180695
186662
183254
183253
176422
176152
174210
176861
172657
173461
173763
174383
184268
178871
187786
179372
183561
184024
266924
173105
176977
183770
188338
188341
184446
3565831
188532
179932
183402
177313
176585
177144
3565011
181528
172430
175598
172655
174922
172748
178754
172408
174144
175683
180608
3565986
180426
177463
177515
3565712
177638
172342
176502
177964
175327
176517
184600
266824
177949
177140
191741
181538
187483
173754
182394
185367
190188
182962
177745
182036
178565
191208
178566
260227
191207
189739
178355
190189
181003
173808
175047
175048
179756
182074
179821
175645
191555
176479
259487
181053
180461
175526
3564838
189586
176320
180402
176816
175944
178970
181421
176179
172845
177514
179023
181537
187003
180232
178218
191613
174711
183366
176498
174031
175344
175092
172986
173214
181369
175493
178934
184919
3565805
173685
174787
179925
188090
173824
177286
175217
180556
176394
3564873
266879
182756
174136
180504
179001
177820
177819
186494
175445
181709
180433
172510
179642
177726
180787
175581
183539
180859
176005
176785
171643
189240
179729
190561
13183020
175622
175489
3565590
176684
185681
172999
190278
177927
175303
186416
177717
175861
179595
180464
176999
180472
192065
192061
189737
171952
173910
190808
187516
179117
176608
175809
173050
174499
173049
189700
177372
178992
176567
259573
175532
3565969
176180
175719
175512
182030
177105
179484
172834
191715
187374
172106
173945
176648
180354
181196
186763
171937
180874
177869
172995
266853
175527
181927
172394
172549
187817
187537
177886
177883
190223
175166
175010
184364
190224
190226
185408
191412
185410
187615
178771
185409
260015
185412
259481
173842
175009
191347
175008
173841
185407
177884
185411
180088
188915
187645
176900
176874
178822
178311
179544
178745
4363081
179144
174588
180723
191239
179340
186670
180072
191679
179262
175026
191675
184117
191681
175033
175029
185332
186326
178049
179266
186251
191670
180757
176847
188208
177242
183965
177637
189705
176504
175353
181897
173589
185673
187234
191538
191540
183279
178071
182684
3565862
173341
181257
172054
181256
185322
173118
180111
181087
186889
179240
171939
178021
191472
182382
187286
191696
180944
3565940
182229
191471
173454
174222
174822
174308
172814
178057
176750
177525
181259
176665
181616
188207
189104
173469
188224
189504
185034
189107
188223
189105
187424
192091
180022
180631
171981
190681
174248
187182
182482
177720
182029
184940
175548
176150
181499
177232
174812
175919
176341
180125
3565948
190022
188577
179620
172594
172753
174725
176614
172036
13197791
172628
175745
187700
183430
172734
188912
181646
176694
189162
176381
178977
174460
176323
184720
176450
3565527
353401
259353
179523
3564824
172963
171791
172216
3564892
189590
179218
179395
177567
180860
192081
182467
180677
191549
260216
176855
181168
177041
178349
266648
179692
184827
178026
176295
176084
173452
172760
175654
180311
180763
183408
176437
180456
259363
186271
175810
175210
175481
6418647
174103
3565237
181060
180893
176087
173340
190020
177764
177725
175772
183744
175761
181486
179732
172612
174305
180575
188826
353455
184926
172460
172274
172730
178178
174194
192052
181658
181659
172363
186231
174218
174073
173915
176651
174665
181892
172405
188703
172532
172552
177657
176330
175549
179019
182261
174323
173027
181505
3565871
177294
4926972
179091
177968
172587
181380
177519
174508
183848
173003
189184
190589
175444
174901
190256
178038
176106
189194
173854
172035
172913
3565494
187933
174080
176966
187156
3896741
183814
181178
182513
190801
184981
187630
188313
183953
178435
175242
181596
178142
185989
180329
174450
181526
174109
188850
181055
266861
266916
189220
185746
186784
189180
3565584
178298
174346
173213
184742
174195
184743
178672
13188172
180471
175187
172820
186061
179394
177775
181311
183325
181849
181850
181847
181566
172264
172078
177999
182452
191240
189837
181681
181027
179578
172603
172810
180873
172823
179707
171764
172733
3565074
188435
174648
174358
171833
175281
172783
174958
179541
185505
3564910
180746
181017
180956
172673
174657
181814
186127
181684
172206
177940
3896816
182738
187174
178828
176662
179849
191716
176446
183294
171817
189841
4926920
181886
180406
173152
172441
174020
185198
191197
178030
182044
182063
177975
176367
176436
178264
176110
190674
6418643
183419
173285
173379
173292
173291
183586
177270
188585
191437
184489
3565658
179471
189623
188586
173625
176952
172124
353489
174408
6418705
6418775
179892
173916
174519
175522
175246
266884
174081
178201
174517
183771
183560
188533
188329
4363062
184025
178788
174121
183221
3565789
181115
173828
172925
179586
185111
181488
177325
180121
13217576
173234
172985
174778
178067
171948
180562
175793
171893
176228
173748
176420
173601
173795
178388
179343
178078
177471
180169
181346
186110
172940
177656
175848
174658
176775
176423
182489
181553
181480
173906
173907
180180
173359
171782
173081
178559
176352
246008
175697
171672
177615
176374
176774
175562
174282
175130
172547
184454
173678
179463
172355
173893
172854
190236
186708
181985
185559
178228
173590
181163
178060
173786
174006
184652
185427
176728
176077
180819
175868
179385
176217
183765
183928
177965
171993
177994
180040
176287
173782
183714
179682
3565640
181139
192071
179400
172697
172068
190999
172728
175811
176499
172064
178096
173990
182228
180847
172525
173904
191704
191421
173383
174295
178734
172143
259497
174050
172438
175038
174058
181372
174435
174993
172291
179306
179854
181577
181358
173655
191620
172255
183652
175285
174246
177374
260090
173926
173392
180792
174146
173281
183194
3565873
179096
180981
180940
173414
178624
172800
179344
177903
181224
185227
181024
192073
189006
174756
172259
190983
186264
180057
3565542
191101
4363016
190987
13222206
181172
177282
175397
176001
191634
178398
176760
172262
180165
178215
181276
181327
181326
181278
181415
181277
184845
188697
181416
183971
178522
171694
172288
171639
174204
180056
190369
190115
179603
191622
178919
191623
174669
178005
180303
175052
177339
172283
172282
172284
178437
174398
179443
179068
178864
177678
173108
174679
173114
172446
172447
173109
188494
179658
189003
185325
191534
185124
190159
173993
188337
189057
180103
188334
187665
177607
175298
176561
44056
174216
176397
190477
172946
171881
179162
180017
191351
187256
180525
173762
177631
176308
171687
173759
180527
172269
181442
176857
181859
190868
185802
173232
178183
191515
180206
185981
176954
173276
3565210
174427
171957
186828
176213
177783
175015
187434
190914
183479
176004
177580
177000
174393
177342
183813
174996
3565046
181788
177666
175435
176237
173100
3565882
173971
176233
174250
173753
3565393
190400
172190
176195
178316
181091
3564790
182185
175655
172846
177393
184388
177425
172546
173946
177675
171806
179272
181248
175597
174863
180520
176635
175196
189814
172896
180655
188852
171751
177454
179315
179337
181080
190599
173777
259457
177480
3564837
179582
176427
187090
178632
172452
188757
176003
190421
4363053
190419
177788
259365
171628
175769
185268
183553
172933
183457
186449
183427
181069
180976
174620
174362
186190
175928
188966
187263
174431
180947
181444
180250
179209
179211
179210
186613
179302
191310
182511
180251
260226
189740
179247
182635
6418790
178750
180917
187460
180304
172399
186646
183559
2565702
178598
178597
179627
174798
173482
178130
172681
188150
179029
2565700
2565697
2565701
174401
174227
177680
176851
173323
180897
172072
181726
182614
187948
266838
171965
181317
181264
181464
174701
183420
179067
188711
177469
259441
2565704
173367
179197
179199
174116
177329
187510
175804
175127
3565258
3896872
181385
179915
181383
259729
179917
179916
182818
177429
177445
177459
191483
181860
175076
178913
180747
179198
180973
176642
181493
179918
177428
189110
179914
182819
180905
177545
178606
7040145
184751
178155
186300
179286
182355
176154
177143
177945
182789
179715
179722
192083
180753
3896734
180616
172105
172150
191479
181475
172703
180936
181246
191598
185004
3565563
180937
191599
178269
191601
174262
179235
191600
180943
189274
188252
184307
172529
183787
179593
179460
191073
175207
259996
179382
190314
191282
187757
191414
183230
180386
3565896
179781
171934
179138
188181
175462
2565698
2565695
2565696
2565705
2565703
176128
192055
176047
259738
175086
175085
189173
176788
175827
177350
172632
181748
172457
175908
177913
179557
174671
178492
182041
179060
179899
179813
190317
172149
177456
172208
179339
175028
259800
191678
179261
175034
179265
191676
177521
175025
186671
178056
172860
180073
191669
178048
184112
179796
175120
179189
182114
173307
181494
182726
177950
180830
183622
188350
178803
181848
187092
178802
181851
188399
182176
181852
182177
187093
187209
173787
184495
181166
179649
176825
185997
177648
186855
189112
176773
184917
177858
187678
173690
181026
177841
179616
180596
171769
171766
172401
178297
172943
180366
174452
259393
173183
177065
189342
191212
173699
189537
3564776
3896812
191214
191213
173010
173154
173697
189340
185356
3564836
190095
189338
190531
189343
173705
189536
173009
178688
173706
189339
4363112
186004
172070
175299
187043
174376
190458
185047
181244
172127
176796
186979
175768
176811
175410
181756
189992
181706
171905
187304
189039
184435
175390
181871
178910
179020
171610
187305
179057
180715
178912
179017
179147
179660
172249
171911
175716
172907
171831
180986
171850
180080
184367
186988
174423
178777
173227
173319
176240
180533
179036
6418708
179444
175239
172983
187542
179528
173411
40048
172071
3896747
175430
184768
180724
176147
172433
175472
181545
186584
178866
181073
172242
179993
177390
186111
3565458
180932
172885
191635
172440
187810
191366
188160
188882
189353
189082
189158
182879
266839
172828
188489
172988
176214
175967
177346
184053
177826
174581
188883
178481
182803
186579
190185
177829
174783
184809
190549
171606
178307
191356
174133
189849
266855
3564847
186632
175182
181440
173585
3565630
180734
173856
180970
259744
180752
182068
184572
181242
172232
176024
172904
178612
179645
180931
178611
179053
179637
179815
180033
178613
185355
171655
179971
178014
175506
176772
176445
33782
178936
181291
174176
176059
172867
178507
172757
174806
174805
174203
180880
176901
178458
179962
173326
180583
179335
185438
184935
181121
177608
179861
185148
181144
188175
173730
186911
188176
173683
174593
184631
190993
184628
173684
173672
178472
173933
184630
266897
3565996
181678
172582
177182
177181
173394
178530
180929
180565
183715
176002
180674
180822
188355
188358
184472
4363046
188359
184473
174522
188356
185648
175495
183248
187068
181462
187059
180838
189467
178697
180093
179156
178065
179550
180236
172313
179194
175628
182110
175322
184469
180309
180450
179204
175666
191618
176091
4363069
190593
171711
181639
176281
177674
3896832
182683
175212
176762
179731
179075
176931
179150
184952
181289
178387
173767
190976
266823
3565967
178623
176544
259626
179039
173051
179412
172333
173358
177123
178176
190780
173857
172317
177212
175030
246024
186325
191668
177628
191673
184113
191672
175031
180074
181821
184804
186250
184200
180660
175667
178227
3565877
180701
180375
175593
175307
187002
175699
173066
177391
175007
178272
171962
188728
186211
188178
178658
177687
172909
175840
186086
176718
175413
172910
173558
186085
185243
187141
188685
172276
171979
3565307
180478
175157
175790
181792
180985
178434
174712
179425
172711
186431
181231
190547
184398
192082
3565904
178024
171903
179434
172832
173818
174802
174057
175938
182429
174189
180915
181572
179459
175230
180864
191738
3564928
173220
175316
191206
186316
176030
188466
186114
179621
190610
188683
180849
13184830
174343
182948
184959
173897
174547
184165
43819
3565569
190308
173525
178634
187167
184470
187181
189599
186195
180205
175458
176735
177935
178921
178134
178849
180910
192084
176453
172008
177108
174279
190659
177823
174230
180467
180912
173749
180778
180702
175437
175980
176017
179108
181098
266847
174825
191525
189967
259522
178046
13182183
181064
181065
259726
183851
188587
171688
176989
181472
172636
176016
174436
177161
3565355
185767
174925
189366
181175
175693
177978
172197
177715
353461
174320
177457
174232
177719
180780
171704
187899
266819
188539
175578
176633
177618
185730
177839
177724
173237
3564874
173743
191387
176203
189471
189179
175568
191388
173788
176093
184247
178521
191205
182616
189869
188624
172627
172944
3564941
190640
177251
175821
176132
177250
172535
178679
181052
180914
181119
174924
186132
180714
180243
174518
176010
189164
174515
173075
172557
178295
172744
177984
173204
172472
189907
176810
176105
172263
177411
3565081
3565706
3565335
176334
3565775
183530
179130
184746
180982
175802
173459
172908
171666
171669
171921
171668
179994
173577
189076
178452
180875
177808
178505
176407
179763
176416
181438
187546
177528
173297
179536
176656
183914
186939
177111
181344
174233
179537
172174
175870
172137
180692
175587
187609
182087
182298
191964
180619
190101
181217
173918
181271
183778
187105
185967
177583
176307
172092
186576
3565471
177013
177014
3565338
177794
176992
176993
179893
172051
173902
191640
191649
191646
191650
184797
191641
191647
191644
180365
179222
191642
191643
191639
191651
181745
191648
184170
177284
173445
185235
178656
189750
189257
189109
189578
190183
177818
3565525
259914
3565295
186839
175929
183834
183836
177335
173180
172656
181399
186276
188583
180945
177943
175710
179346
181273
184246
186053
184099
183343
181768
184188
188600
188436
174586
176699
180029
180918
172811
187158
183983
175619
174690
176516
172219
172211
171880
173850
176083
178479
177907
172635
191193
181323
176879
174131
191439
177543
178915
181197
182366
183870
172513
3565407
180673
172319
178998
174837
173269
181574
189267
179897
175541
173448
184684
180032
3565593
174498
191737
174501
187740
172238
189901
172359
13188983
175190
3565352
174166
177595
175801
171602
177482
185670
184699
191550
182336
179311
181720
191194
175913
179269
188525
191638
186307
188702
183758
259591
191636
183638
188633
181193
186801
176778
179547
184377
175279
189960
177799
180312
179606
178927
171936
171692
174332
189280
181576
181405
179502
179025
266833
172108
171746
192059
178129
174327
175778
175779
182464
187273
181124
177295
180127
181329
175145
177621
172751
173022
176958
172680
172412
192060
179850
179271
171619
180364
178453
188617
176584
189655
181334
172850
172980
182700
188959
189284
179048
189047
187075
184168
190609
188930
188929
182798
184050
185169
189007
182316
182601
189758
188931
185174
174062
184332
185606
3564876
173088
189361
177590
191616
180503
182371
174914
183811
181680
178126
186511
174242
181285
172978
181625
177004
177089
177795
185381
172584
173519
176054
172676
189219
191393
184192
174090
180922
184331
181649
171956
184330
172755
181759
176275
191732
179426
183795
180062
174202
177601
182927
188172
180255
177810
177806
178121
172836
175142
189445
188325
173641
191731
185740
190128
188479
181551
178035
185727
190799
180106
182887
184560
190264
191717
188480
180609
185757
189677
180065
176161
173168
176707
266725
187442
180400
171679
176882
186301
179910
172266
176276
180550
260016
190455
174244
181247
172443
186864
181079
187008
177017
175847
177586
182010
173146
181324
176121
183595
3565162
174414
182130
181615
171633
172220
180479
185123
173257
176399
173272
188569
187427
177524
179080
174482
172539
175503
176555
180003
179999
177481
180935
175384
173772
174881
174181
191734
183854
179099
185168
188073
179754
186717
175184
178299
174577
180419
181611
181374
175248
189049
181555
172670
187968
172454
187120
173891
176296
175844
176742
176361
177541
173374
175231
174702
177394
177387
173282
175079
174012
180231
175879
183902
172486
181368
3565955
173016
178640
259546
259329
172128
186262
35738
185022
187062
177876
182370
184980
181503
178025
174553
176301
172252
174941
175311
175786
176120
178419
180718
175605
174161
187992
3565206
176756
175357
259560
175223
188491
173435
175921
172435
184530
189809
183111
178943
174571
172139
182934
190486
185321
190386
182921
179296
175463
183190
188965
176061
179624
175270
190766
171949
174506
3565160
175453
181160
181005
185982
173224
179184
179522
176829
180802
180826
181350
190619
180458
172777
181730
174608
176118
187035
181348
178113
175545
179912
184497
181727
176383
177018
187779
178614
186916
190630
189370
180743
177660
174311
174238
187558
187559
173069
174385
174235
190473
180975
177326
176978
172942
172674
181716
172275
179216
178094
181682
13192683
182112
172400
178735
179628
179652
180522
172844
186441
175885
173054
180906
179790
178502
174765
174018
174890
4363124
3565745
179161
176704
176702
177985
177906
184451
172374
173271
175551
185193
174525
180508
180693
176297
182823
180004
3565463
190732
173510
185679
178200
188044
188043
188042
4363077
174059
178279
176376
173300
179180
179168
190551
175750
172145
174531
176260
191612
178645
172353
188227
184471
178872
191770
191768
178512
179745
187360
184413
172466
177987
179472
179026
178680
180984
187897
179076
188235
175668
175767
182647
180841
184414
186759
191147
178443
181108
172968
176440
178402
177355
177354
177389
181370
178446
185853
175525
186533
184692
186266
187233
173967
174909
182350
179765
174288
176491
177958
178596
177954
179845
182092
172131
188731
180344
177576
172395
178587
172822
173747
188886
188774
177450
190453
187945
353447
181212
186044
183546
191373
178918
180318
177963
189829
176473
183101
176838
174155
180079
172759
176071
191417
178677
187666
177918
187742
172794
179887
191658
179644
191655
181479
171745
177658
171793
175552
178831
175915
185868
174706
178976
173096
180679
176388
179120
182214
183056
189817
171768
174034
172740
187449
191361
175937
171984
183497
175343
181834
171861
171980
178115
171982
185379
177279
172571
3565511
172007
191295
184712
185396
184714
189059
172228
191362
177443
189720
180332
177832
187909
172866
184757
186953
180448
3896895
178971
174650
179297
179448
182542
176955
184526
180397
175627
172607
172495
185226
174651
178193
190749
182802
184617
175981
181470
189050
177699
175170
188515
180523
177901
186439
186228
181219
181610
174652
172445
179351
179812
176961
188514
259336
259335
178254
179298
182090
176117
186819
183347
179073
187138
179825
185212
174653
176528
174370
172494
181013
179431
174520
179967
173873
173764
184076
182040
175893
181877
176124
187858
187606
190847
187605
185166
3565787
188398
188961
187875
187057
183532
190845
185164
181215
186197
259617
181209
175107
186587
184055
177937
188894
174187
174821
180687
174738
179154
172556
175171
177360
175091
181509
177779
184023
192086
189580
174175
174171
187902
172813
176770
180833
171685
181766
191230
3565697
3896777
180703
177807
184864
181904
181905
175565
171738
179641
175403
176661
173384
186633
187357
180628
174502
173661
187738
187736
182437
183471
188614
187942
174541
187735
174363
187737
182435
187739
188615
182434
183470
182432
187732
189507
179121
182430
187733
182431
191470
187731
174888
182436
187741
179173
191632
175121
171765
191609
185560
171872
177038
177442
172074
173843
3564807
179486
182476
182956
172082
176075
182859
190550
174684
184887
185726
189799
3565302
171960
184725
172328
188880
186051
177208
183037
188557
174561
185677
191183
174933
174626
187692
177076
184829
171844
177485
182860
175880
182242
191467
179178
179063
178834
175895
182292
184337
184934
182291
180632
173930
187961
190557
180219
179236
179237
171954
175852
172450
188211
172251
174386
259953
173424
172660
171986
173294
172996
41474
177202
180382
171800
3564970
178873
190485
172258
186440
172047
174261
174260
172805
175501
172678
3564939
191323
174268
171917
181729
266829
190484
177597
172568
175819
181321
3565545
191624
184803
175455
174375
176783
176239
179041
175936
178259
172310
180037
171792
190990
183631
173964
176368
177622
175738
266817
182024
179492
175703
177926
172884
173914
175162
171752
177824
172167
181279
173985
178538
266830
176509
178148
179724
178978
176097
266949
176111
176086
181204
174254
176758
172233
4363054
183116
190615
180208
171938
172509
190107
171865
180422
177881
172638
174355
180248
180253
177036
180237
175925
172324
178988
191631
181250
179683
178182
175859
173671
175864
188911
189976
190068
178069
175528
176506
172296
175634
176149
180919
177973
172298
173437
172077
177706
176968
179374
176108
266842
13180975
171590
171767
174371
176146
179739
174699
178012
172061
173357
175498
172918
174782
181267
179329
175886
3565809
4927037
173502
177497
174673
178352
182958
177420
177609
178381
177192
172195
173431
3896726
182867
172701
182494
3565118
175940
174438
171998
3564796
174786
181741
174493
175588
174330
189736
190148
178455
181211
176776
174368
178960
175524
181620
175061
178226
182922
172893
177938
181012
180964
175836
176202
192056
178077
176914
176056
178173
3896861
175995
172799
191766
180939
177044
174697
179810
172715
185214
172869
180815
172677
176840
174840
173581
172052
175398
172024
175820
171734
173228
176363
186343
178863
185502
174022
186223
176359
191089
173801
184389
172034
186574
176293
181021
353380
185035
171985
174749
171821
177859
177200
172178
176358
188846
173122
180481
171900
173858
171975
174841
184675
174180
187017
172309
172725
189157
179567
259655
180367
3565068
174132
190948
180441
172017
172498
173067
179331
186762
184760
176628
175297
187528
178756
171663
174696
173149
183461
172876
172683
187536
172107
190919
173498
177129
180573
189912
190922
174672
179441
176067
190650
179488
174781
174912
179035
178543
178889
190055
179881
181357
172236
176794
175314
180942
174392
190098
182758
178468
353384
188968
189639
171784
172863
188317
174039
177520
173023
175559
175606
181379
191744
172818
176928
174513
174816
179458
174834
171935
266836
176560
178620
189429
172503
186201
174631
180183
174809
187150
178015
180705
176626
177072
181089
177560
175193
180050
177815
179838
174991
180950
179772
172009
178006
186094
184437
181638
181078
179655
172476
183892
184190
180405
179605
191645
191653
171890
181031
179069
172397
190078
173602
181398
191199
175757
175371
177971
172881
184953
180720
180452
175660
180721
178893
179387
176682
175791
171914
179948
184991
180727
180848
172596
172312
182812
184508
176495
178501
173805
176398
189611
180263
176143
171838
266900
176326
180485
179795
177128
175252
181570
175078
174999
175998
173656
171860
179878
179818
171829
180185
176434
186194
184091
178989
174713
259632
184886
3564963
175930
3565844
175788
188475
174860
177730
175659
174023
175709
180837
13192684
180049
179587
176155
174730
173311
176677
181736
174556
189836
187928
176230
181471
174785
173200
175063
185024
178956
181417
179193
175073
179165
172977
176163
176563
184562
171621
174309
174624
172661
188512
176216
191017
177074
176852
178191
171776
175227
177636
178028
176022
172542
172543
180663
172331
177267
181631
176957
174645
182466
184779
187848
188454
177088
171611
174548
266820
175138
174554
176869
177853
178089
183677
180204
177673
178830
191132
176178
179690
181723
177316
175039
173169
178404
182644
187622
182629
176710
174998
180070
188431
177977
188430
180574
190860
188896
189617
179475
175989
171601
4363014
176784
174779
173172
246012
174849
172706
179503
180465
177015
180380
180545
173355
181173
186873
171691
172928
175540
175650
175090
190872
185133
190871
190870
179510
174844
172959
191735
190672
190671
187406
188802
181801
181800
185248
177027
174968
6418709
175966
173309
175284
179941
176133
259584
173072
175185
182321
182322
182989
177073
185003
177643
178150
179440
179094
172278
174630
176733
181457
175584
174379
176588
176891
173073
171750
172134
188368
175070
175315
178407
190374
173141
172370
175426
3564761
175141
175460
176100
179875
179876
175474
181540
179489
190203
183192
175515
172648
187826
176580
172901
177503
175338
179998
190802
187477
176006
179711
178188
178408
175235
175901
178083
176668
176103
190601
171834
178303
172795
180047
174072
179639
178483
181097
191608
185097
181343
177203
190636
171877
179028
185729
176979
171941
172617
180748
173260
175027
191680
188792
179267
179264
178055
178050
177522
191671
179233
191667
178066
179260
179341
175032
191677
176503
175796
172693
176858
188943
4363068
177365
173342
176975
171763
179358
172344
172921
191404
179153
173235
171853
174443
178778
180535
180343
176903
173160
173159
171724
184378
191659
179572
172826
175922
259606
3565343
3565151
188123
180044
172775
172773
191762
178839
178840
178494
178496
180148
180081
191763
178447
174257
178495
181445
191765
178493
173729
181447
181446
260116
174943
176011
176373
174367
177895
175172
3565767
177228
186377
172610
177422
181044
175975
176191
180371
189479
181057
176660
179734
184005
177057
3565008
171622
190617
175053
178304
177349
181468
189051
171992
182851
182963
184921
184882
182852
186631
176426
172018
185036
178167
172891
179960
181853
174421
178657
174056
180613
3564777
187393
173428
191452
176227
178698
187072
177116
191128
176690
178980
172864
172789
184405
353420
183000
13190517
176157
179352
176435
181230
177897
266840
179929
174975
184126
177793
177388
180557
186240
188421
190250
185079
174632
176926
189618
180240
179721
187087
185109
175592
187843
184267
175432
172506
189927
183371
174644
172062
177536
179476
185323
172201
3565846
177566
190364
171922
181569
184727
186547
3565454
190826
188082
179797
190827
3565962
188900
3565817
180116
186007
186005
189004
180117
186003
190828
188626
188627
178267
13188030
178958
178424
177692
180657
179728
177243
188408
178020
172809
183168
182608
174543
187350
181773
178544
177540
184719
173078
190192
178537
171835
176759
176906
173639
179404
179405
183957
178421
178489
179058
175244
181378
186214
172243
171755
191629
176360
3565889
179890
177104
180398
177002
4363106
176066
172732
173350
190304
173120
172392
191657
191656
173202
177235
179674
172213
172784
3565411
174800
3564830
178414
185980
180764
176015
174552
177571
177767
177768
177769
181023
171964
181823
175863
179947
176678
177188
171804
176187
3565201
187502
182243
190474
174378
173175
191757
185441
4927004
176713
172135
180737
174646
174862
173929
180955
176242
182360
175842
181028
172467
171624
45325
175253
172032
182260
177133
187966
181721
175613
176012
177373
178891
175441
175160
179447
172736
178107
177860
173839
173368
178942
178007
176688
174747
174748
190032
172272
174417
172615
173346
3565366
179104
181858
181857
177512
174883
179355
177905
184065
176052
172250
181743
188659
175500
173820
176537
172589
188340
171697
171790
179013
172802
172801
172345
172360
176380
186960
176402
183614
183022
183023
180410
43856
175418
173986
177705
174984
3565589
171618
181712
190195
172041
172593
176683
179562
177891
177003
173365
175924
174399
178459
171737
172058
172306
172156
174479
177024
353485
353482
181711
183186
177561
181645
190048
182891
175571
175098
266859
174516
179072
180555
175795
174364
180818
181223
174899
178149
179965
190806
180423
176821
176822
178411
179778
171799
3564983
172955
185331
175902
174380
186486
173657
178348
174314
176215
188283
188456
174815
188282
171657
173400
180704
172120
180168
180585
171747
173693
175547
174252
191237
260065
174267
174387
353395
181373
177455
171810
172954
180983
171870
175686
178360
187819
176991
177659
178238
3565865
177046
180486
176485
177880
181621
179559
172171
179249
179725
186169
175749
180930
3565793
188069
188812
176168
184162
171809
174674
179526
180100
172244
183981
173513
175607
174110
187809
176486
172029
174676
180756
180884
266844
266845
179576
190312
183065
172205
178542
185984
173298
180886
178145
172372
181093
176089
176631
178855
175815
187612
180431
174743
178219
177626
176257
172148
189561
178139
188950
177467
3565572
187916
175446
185021
183973
3565279
185460
3565632
190634
190941
189781
173151
177921
175837
183212
177045
174576
172129
3896767
179598
175201
179115
266912
178277
172226
176757
175490
176466
178214
176806
178547
174198
179601
187512
174274
173631
191745
173898
172229
184800
187649
181643
3565509
175355
190176
174105
177998
175735
171878
172624
176908
184835
181900
173572
173610
191121
191126
176468
183355
173664
191123
173665
183352
191125
182739
191124
186910
3565152
191119
181899
191122
173663
184841
184840
183353
173571
184839
180135
191120
173491
186909
3565488
186517
181898
353388
177403
176421
175968
173517
176142
172158
173385
175152
174350
353486
186196
172723
177399
175186
176470
191291
181283
186365
184149
177375
175069
183739
177135
175711
172030
176094
179720
181490
174042
179171
181253
181641
185734
176243
174480
176439
175943
177942
174458
179743
259963
176348
172045
178263
179970
177708
176719
173171
177345
174659
189139
176922
172347
180319
178054
178339
181648
184599
178097
177862
179926
172749
172378
176664
176385
177546
186375
189791
180871
177427
173375
177486
180850
174197
177406
177332
174947
174373
178320
174016
191754
174017
191319
171912
173599
176877
180473
180474
172116
183454
183453
183458
177280
181425
175594
172113
3565539
175906
187885
178851
173908
353477
179364
181765
177473
180957
178916
181777
185739
171781
189054
179365
183941
177694
177695
179726
189032
3565580
177453
188740
187433
180463
175386
175428
174177
172111
259442
175956
172419
173397
183288
174091
174010
171654
176703
173509
172916
178053
187337
177848
180369
172499
175734
177902
184624
259492
174159
176183
181371
179942
179688
178667
172829
173164
184167
173162
173163
176353
180376
179832
180974
173065
176226
189697
174007
179508
177856
189518
175395
13186136
172224
175823
174019
172530
181481
175255
180435
33156
179213
190775
6418855
176605
176327
174388
176515
179691
173036
186134
181666
172406
174572
175451
4363023
178147
174266
174253
182025
3565861
178017
175415
174595
171743
180698
172451
260198
192053
176686
171731
178486
186227
177620
175997
190949
172766
174313
182671
171840
181755
179420
175159
175959
183643
181556
177610
183187
175195
174339
177624
180700
177103
172769
266873
175096
185364
175916
3565888
181190
182750
187060
175497
178080
175601
176617
191066
173733
189959
180855
178156
174255
178929
176734
187618
188274
173449
187114
179468
186816
174511
176798
174002
177710
178095
176449
188917
13218924
179872
177786
180883
181790
174001
188169
174594
177667
179482
181633
185086
171963
174839
175429
182368
185811
188819
182259
185658
186987
183207
185492
182848
181796
3565992
190803
186924
180938
186922
176014
184744
178875
188422
181208
178595
181287
175491
186488
181564
174412
188420
186493
186923
186926
180407
188423
188809
181169
186222
178638
175807
176814
180484
174596
180434
180566
180122
181990
178945
180186
178085
3564985
180799
176305
183945
184108
188816
177564
180829
178127
176306
174205
174145
175277
175555
178506
177553
181557
175721
179675
171926
260236
182454
266943
190219
173194
173812
191628
176043
175332
176032
180865
178394
182462
180949
180599
176034
172133
179483
192075
179158
178395
190457
175964
174256
171594
174710
174761
184304
175824
189695
171950
191746
181584
173150
191751
175165
173362
191749
181764
173426
191748
171609
191747
177951
191752
171816
180876
174940
174678
191750
190810
172343
182043
172079
178804
13215861
184163
178730
176523
3565412
177213
184717
189172
174977
179618
190267
175892
189077
179314
175417
180160
177899
181320
179481
183737
3565475
172637
172644
172186
259544
189698
173442
186798
176271
190429
189355
179456
191517
172200
179336
177490
172423
179608
174664
174045
174846
180521
178751
179043
179330
177577
190498
171945
188457
172875
177317
175838
181718
181067
177664
177822
172945
171702
173576
181236
180097
181235
175974
176393
176679
179961
181313
259368
181241
180519
187470
179651
172956
191425
188032
185650
173250
180809
173606
182836
175732
179363
171997
175161
173422
190778
176443
353411
182057
173306
176801
176890
43841
175679
259331
3565037
173758
181508
176046
176209
175337
175752
176391
175037
172215
183942
179766
190582
172855
3565073
175228
173006
175465
3565651
176761
175907
174377
183311
178533
175834
174601
178829
185278
3565140
174140
172335
176099
177324
176860
177233
175914
181527
3565128
173181
180988
190059
178160
3565732
178181
266878
172906
172015
177142
175675
173512
183429
173156
184792
189802
188534
185027
179085
187071
186025
185028
182552
182703
184157
182998
182169
188537
184017
189803
190899
185897
190309
189801
189311
183183
3564887
184723
189759
184156
187598
186027
187756
172237
187755
191520
171729
182997
190759
184160
182557
191492
185031
186843
183066
177153
178283
177697
171995
179243
174766
185001
179246
179990
173696
189124
175084
190295
259488
174727
177596
180852
174391
188895
172871
181692
175950
187190
181613
179182
177220
178290
174591
182258
13187322
173244
183961
187472
187315
353452
179607
3564809
175423
190665
175900
176028
174590
172668
3565069
185454
177401
172069
172654
172209
175367
175391
173752
177378
3565054
176612
181281
186372
183819
176159
175800
175020
174310
172997
178144
6418594
172192
175707
175708
189592
174076
181511
176525
13191259
174817
179768
182416
177304
177341
177276
189993
178315
189171
177983
182582
191385
186157
187079
174354
185631
178641
186263
176582
177277
182156
181836
189253
183845
191200
183952
179220
187456
185229
177303
179334
174324
172202
187766
190555
172091
174087
188608
172964
177271
188418
188121
189309
177310
171658
179078
188318
177413
175319
175064
189289
174868
183780
173961
259654
180064
179703
183779
173798
173579
172898
3564769
259396
176256
180771
3564990
172241
180286
178531
176377
174165
172585
175051
171759
3565105
172691
176162
178729
176883
180078
189127
178546
259478
184043
172348
185803
259380
190786
175841
172488
179255
181704
174524
184793
190627
190628
177976
172187
180176
172588
175219
178110
172338
174582
186914
174048
190187
189019
177168
188643
187389
173182
178525
181234
184287
181581
189878
183202
179228
186912
180807
172455
174726
187525
191420
13190952
3565514
184659
172735
173674
174061
173673
179089
172764
174587
266843
177499
189911
4363064
179514
190099
173371
178561
180717
174067
184431
172490
171714
3565680
174472
174286
176604
174654
180390
185870
171959
182131
179786
174724
184785
185191
13186920
259724
3565441
171717
185540
179000
173527
190813
179630
187213
178082
181020
174621
177059
353385
181983
188075
171677
171832
176051
186395
190217
6418689
186345
187045
189484
178353
191481
177900
176687
13224720
176116
259552
180967
180652
174477
184971
179780
190742
179342
3565184
189910
3565757
173321
175946
177136
177137
179852
182354
182575
182576
176370
190821
175891
178962
173410
188630
176514
176231
178280
188316
185545
184373
175704
175953
175189
177075
180457
178928
175216
174413
180739
177417
183962
175766
174461
181635
184006
175728
180347
177229
176396
189588
179359
172350
172741
175339
260288
181691
190488
174746
187657
172695
179659
174036
178687
177160
3565185
185380
172550
4363033
175507
185334
174959
174962
192051
3565901
179749
179303
181085
171907
172424
180870
188870
188370
176109
178221
172727
176153
177929
175616
172385
176055
180055
174303
4927040
178961
178629
178499
180591
181129
3565350
187872
177755
177368
183867
3896736
181232
3564920
180207
187518
175342
179015
176749
177847
178907
175113
175556
182108
176997
3565124
177563
182155
178286
178938
172404
182694
183792
188241
183708
177946
177296
188243
187811
252634
184944
181465
179300
185708
179181
191000
3565076
179505
172666
181793
178847
178146
178416
190608
187658
184982
186286
177395
3565035
180039
185847
3565375
178314
174755
3564833
182017
171802
175747
175502
190510
187216
173681
172642
178820
178835
185065
190545
180569
179031
179032
186277
185044
177846
180561
184442
176182
174843
178854
175358
175518
181606
180745
187870
186602
190840
186521
190179
181158
182275
178179
189853
189852
182951
182567
172203
182892
180350
175243
176475
181161
172409
173332
190272
179304
179439
177070
173299
178968
174122
174201
171716
179529
3565470
191434
188051
189753
181565
179662
184219
178256
190952
178556
183722
177226
177474
172246
172626
175933
190329
173144
174740
173791
175104
6418630
3896730
174124
176695
180824
182414
191348
180045
178448
190886
186777
179747
3564869
13217012
180528
190573
180742
179566
173957
190954
172771
182968
178220
176073
173813
181090
174457
181347
175889
179788
191027
185121
179433
176225
187474
173819
173138
259498
189743
185932
174008
175760
190298
181441
185482
177511
172519
172851
182687
190998
7040127
174402
176218
176771
173277
173216
179556
177837
175438
177007
175621
173811
176943
177649
184848
179462
259376
183866
173286
177744
190377
183742
174558
173002
177318
176508
177236
174850
173117
179700
191130
176885
176562
259527
175658
175713
177509
179882
178289
173248
180548
175862
173462
177679
183978
172040
353434
181309
186752
259710
185807
183919
181841
185808
185806
185805
176526
175505
174789
3564851
190398
173806
181132
173155
176288
3565999
172287
172838
180989
179760
175236
177836
176674
190071
173999
174170
174173
189356
185544
180270
180736
178153
183501
172515
182072
177376
181504
173468
174932
172463
186279
178602
172152
177591
180392
190075
191248
171653
179016
179393
176400
172861
178106
191545
175535
172816
178560
172013
192077
177727
182864
188452
185335
3565024
176572
180163
190614
177803
180594
174321
185828
192080
178358
192072
180161
192076
171864
185809
175855
3564968
6418801
171788
179741
171925
178739
182329
184969
183917
7040143
171924
4363044
182326
180038
173917
177570
172890
177211
180346
189407
189790
190258
185033
189761
178389
188008
187112
185866
182426
3564980
182784
189620
187895
188004
3565012
188052
188006
181690
175696
179817
179172
180845
175678
189111
187119
259993
189232
186030
173847
174982
175741
353433
172720
181179
176994
177113
174271
181077
3565891
178281
260136
176533
175910
177084
176826
177981
190940
176873
180307
188279
186840
175828
184918
175249
189769
177930
266904
190605
184878
3565022
190777
175083
179612
190607
171705
178103
172504
174981
178955
180740
187927
172767
176740
176369
174148
183476
188083
186400
179538
175140
173966
182062
178233
176456
179972
260224
180992
177416
175739
181352
182623
189137
190105
179520
190365
187639
266835
180901
189563
189789
178684
189785
186152
174011
172558
259586
191526
186765
177683
173418
174487
177578
175466
174483
174728
3565720
175082
3564937
172122
179506
173157
3564922
174389
191316
177462
259571
177405
182699
182129
176823
186412
188726
177996
172225
179837
179839
180770
179684
179045
182047
176911
175469
172053
174464
184695
171854
174004
190662
190660
178753
176251
190893
174734
259652
183882
174546
183463
174682
173325
260105
172507
180558
181194
189735
178321
190251
171932
176872
186797
181109
172684
259354
259727
190338
177646
172301
188995
177356
179111
179105
174179
180213
178931
180553
171623
190070
172073
191293
186628
181258
189474
176754
179794
174164
177623
177221
191510
174693
259445
176513
174714
173045
259414
266887
176277
174475
183083
173997
176945
176378
179353
187149
180401
184677
171953
174942
175206
179857
179950
190704
182474
178362
190648
179040
177238
183540
189998
176244
180285
173415
172526
183284
173425
172878
176267
6418817
178969
173874
180891
260266
176207
181826
180842
175414
186015
173013
175748
178022
176138
172159
174793
173320
175876
182356
177441
185795
182563
182964
172434
181070
184018
178789
186775
173456
175439
182361
172021
180384
179457
183391
176924
188439
175626
175059
175071
176074
173062
176731
175789
185084
185886
172746
185963
178195
182938
180018
172369
172722
188039
171762
260252
174509
173079
176805
182526
186758
178485
183139
181018
186961
171774
175156
171811
182280
178603
188298
182116
177993
177147
171969
178959
181650
174495
179705
190926
178216
179543
175436
178832
173970
192088
181051
192087
175813
178174
181152
187937
174584
174764
181354
181355
182681
174983
191461
190056
191360
184341
185684
191359
13187162
3564822
172738
184242
173947
173564
177568
13186571
174528
183963
191469
189457
185991
187635
175022
174847
188642
182216
178763
175021
187636
182217
185541
178764
184515
174540
174491
176799
187498
178990
3896795
176920
181007
172758
3565570
259525
191004
173335
174422
182278
174939
180353
185732
179898
3565174
189453
177431
180793
3565818
259582
181669
173761
172643
182284
353399
173524
184039
184461
182672
176188
179245
181894
172563
175388
179687
176088
181025
178817
182746
179507
174542
180781
180630
180646
181034
179679
180863
181120
186650
186092
178116
173139
172625
176941
176347
176346
174858
182932
173765
186182
182817
179417
174374
172346
3565199
178899
173617
185553
172792
13187261
187107
3565301
178199
179499
185237
172949
174662
180772
172586
175917
174301
191367
181125
178900
182383
189635
180699
180306
177714
176603
177896
177997
178692
184861
190094
172281
178137
175058
186950
173336
173638
176619
3565075
175554
172922
173635
185915
175103
183784
3565285
171852
173158
3565605
176185
4927039
176827
182881
184312
176291
176441
176442
182107
179465
188752
182781
186353
174820
181189
178782
189185
189063
186355
179059
174104
189483
178722
177953
186354
177312
180085
178112
179888
179234
190139
173821
181623
188751
183346
178781
186721
186565
189488
174270
182055
184290
180300
189487
189486
178718
178594
173230
181315
182093
174390
179748
175873
177362
172280
189167
173919
3564805
172709
172595
172320
173252
177716
188149
177506
177117
185101
188364
188314
189715
191342
178473
3565030
174134
174663
184063
177627
259709
260219
172631
183562
173932
4363079
191426
172779
175320
185192
180598
185774
186779
183706
190064
183703
184090
182178
183707
181876
181878
181875
175798
175452
177352
176292
180460
173161
180808
179602
190242
191349
179018
184466
189080
189037
186432
189149
179281
182889
179280
178644
186546
3896737
179610
188064
3896749
178346
176497
175647
175449
180579
183438
188767
171946
187083
175600
181131
172926
180324
173952
3565577
189943
178120
182914
174243
178877
183295
172888
182497
177083
176253
172527
179226
175982
189703
174555
180462
186598
186226
175537
177838
177904
174986
178223
178213
175865
175359
188077
174946
181989
183975
175269
183197
178013
177565
177285
184080
184504
175857
181353
183547
177198
177054
181558
260184
176134
13185652
180421
178152
175280
180996
182262
173499
172327
180779
178100
13198270
259901
174344
173896
173832
188555
172518
186255
186332
189244
171797
191070
183912
172285
180440
180283
177012
3896821
181387
176299
189208
187901
173015
172761
188872
177875
171659
184875
172462
189776
182941
182234
182328
260258
177434
175077
186732
184371
183691
188129
174842
190277
182649
178874
3565555
177532
188748
182937
172538
172664
177845
3565141
179935
184847
176658
179902
175557
174381
176114
176410
175066
13187896
172436
178693
174442
172295
175872
183510
172075
176587
172427
181586
178951
189716
245995
177879
178052
176375
179580
186213
176524
172652
175656
188022
183993
185707
181019
3565372
175676
180546
178471
172747
259317
4363066
176465
172146
183860
172096
181428
180712
183887
180420
175486
179798
174451
182638
182996
189062
181420
184748
3565529
185183
172214
178470
3564936
171846
187691
3565087
175529
172950
178194
3564772
183208
176913
181640
178509
181233
188636
185203
13184808
177765
176609
177435
179345
172905
181096
3565369
172929
188657
173349
187361
6418755
190789
188393
13216887
172620
181141
179313
181001
184203
175629
177857
179653
181210
190051
188142
174823
188131
183104
175898
175065
178257
190580
178431
175832
184851
183712
182490
179855
171920
180710
185221
176041
183574
173398
183437
179678
3565860
174342
171696
177923
179423
174768
259699
176720
177331
192054
171615
190031
176488
175442
174199
174861
174567
175899
179413
184438
172726
177092
178464
259372
175393
187789
176577
182267
173955
353391
185908
186443
3565158
179519
172886
177424
183743
175905
176867
174811
191043
174956
175843
178457
180493
178791
183704
172803
183426
180517
181652
173339
3564835
172204
266877
266876
174752
172821
3565133
172924
177216
178169
179275
173212
177470
177107
178397
179257
188905
176221
174095
180696
173354
173241
174111
187532
190930
190241
174456
178405
177287
173225
174784
175476
183240
171836
174716
171662
175139
176252
180416
180315
188776
176944
353483
179829
174857
177872
172065
179913
174156
180606
175567
174602
181603
173407
3565635
181824
171725
178073
180713
175057
191965
175221
3565801
171978
174913
172231
183226
173369
188773
176379
174732
177278
177302
179391
3564942
3565820
176200
183900
174215
188807
183901
186856
188808
181319
178616
171682
175894
181181
171976
174439
189566
182929
173123
176748
176135
179437
172533
3565931
259579
3565796
187534
177484
177246
180831
176819
176496
4927042
172849
183464
176211
182286
172153
353487
175661
176551
259739
173133
187398
178338
179891
188174
185104
176457
187504
173460
186854
173142
188736
178207
180314
174763
172948
190931
177120
171886
187447
259621
172857
174326
259341
176712
186925
174866
177119
183369
173312
181218
176565
175672
172478
177922
175969
187641
183042
13185304
259333
172517
174231
173238
176194
184440
178091
172825
173245
189314
179318
177555
181280
179116
172033
180245
191617
172470
176923
183292
183293
181791
175153
177877
172325
172293
172713
183759
171867
180327
183433
182317
191448
6418654
180149
172039
179738
175701
181439
179740
174290
175434
176241
179789
175387
179963
174459
176737
176627
179461
173869
172937
174997
178482
174102
3565434
178184
175737
186621
180624
176321
174236
182863
182680
190015
179118
182237
186090
174533
188771
183203
187844
185998
4363058
187900
173987
171631
176836
184771
176481
176841
190330
181882
181252
178460
181054
181807
174708
175617
176090
3565957
179196
184093
175887
175238
172027
181636
172514
179672
181183
177042
259844
4363051
175829
179836
190700
181345
182396
182393
3565786
172418
4363107
181116
176018
172915
175155
175850
178790
188918
174000
183200
184410
179859
174229
182801
172004
178231
180968
188580
171943
188818
172480
171930
181608
172005
184979
181443
3565681
175817
176637
176817
186541
181597
185878
172704
172067
174300
186733
187131
173951
176020
179666
175742
175673
3564786
13192290
3565629
174759
179643
181384
174776
176329
177934
187461
181301
178600
190787
173597
176919
175202
177681
172754
189236
178935
186548
176460
177021
171915
186176
174272
174429
171770
181047
172639
175877
172010
176013
173416
183625
179714
177419
173618
174265
177537
189548
181903
174827
175911
172965
176408
177840
192085
260040
188781
181656
183007
180014
174681
188484
176518
178016
173450
175945
182800
183618
176079
185239
176081
3565543
3564964
184573
189508
189616
3565150
189810
182406
259541
181936
181935
189614
180182
4363109
179119
6418757
175431
175729
178670
187088
172373
191876
182325
181362
189676
3565013
182327
178287
173868
190339
177241
172669
172157
174649
182578
175657
175960
174953
6418702
179389
177604
190583
176800
3565103
175400
178019
176266
173143
191044
187969
183859
266651
176581
3565859
171789
174633
188661
174494
185272
173393
175574
3896796
183930
177582
190979
175715
186875
177972
183804
189708
178890
187765
187047
172334
187888
171645
190300
173867
172191
177572
185676
181328
177040
177538
179689
185052
180762
3565778
175191
186851
180305
188284
172609
259566
179324
175306
3564894
177970
176927
175700
190511
171856
178075
172807
13191153
188311
176753
172622
172649
187686
3565578
174623
174169
183844
180262
4363125
172321
174638
6418622
173827
175818
173303
185741
179185
3564855
180016
174622
181393
173403
13184661
174963
176534
177550
179107
177990
171887
182509
173330
174750
182736
176053
182392
175987
173329
177265
259512
174329
173322
176907
171803
172611
185975
176905
182004
3565247
173654
180447
187730
176386
178868
173370
3896807
176820
189646
259518
182001
173004
189196
183097
259580
188387
173989
174559
181140
190697
174063
179553
173453
171996
178131
173121
172180
183642
186796
184910
178418
175903
189368
175724
173206
174606
7040167
184907
266915
178985
176197
174976
172479
181833
179230
177549
189621
175614
173137
174872
175718
175106
189732
172459
175001
191621
176863
179435
175475
172144
179371
178979
183895
185872
177253
176629
188433
179671
178887
190641
181059
176419
181979
172097
177039
3565119
180731
176529
190788
172827
172119
181143
176723
178133
174923
191769
176058
191290
172223
172630
179840
187970
172060
172880
185352
191736
179938
13191872
175784
171968
179661
3565298
187136
179554
172953
171749
172182
189048
187515
185632
182352
259721
185220
172936
175533
179921
175224
181663
174234
173766
176982
183940
175132
182835
183959
183960
176303
188034
174698
182479
172081
177603
178344
171736
175787
189850
178043
183525
171735
171896
174078
182849
180904
183869
187526
174661
180979
187628
186841
187835
188606
172574
174737
179467
190311
177370
174212
177495
190260
179783
175457
175725
190436
188280
180308
3565854
176892
176786
174736
179609
180991
173136
191003
180607
172565
171919
180015
175399
188402
179680
186438
182351
174894
173541
188680
3565269
181594
176462
174425
178088
173912
180821
173779
176431
182492
183948
183367
190207
178532
175448
173707
174240
174691
176589
185814
175308
353490
171665
189559
186644
182520
191264
180297
189441
185240
189941
178008
13191724
174867
190342
173211
181774
178824
188913
173860
175702
173520
178158
176040
172522
184342
171892
178599
172212
179383
173356
3565178
189055
174589
175382
176610
175947
179438
180223
189456
176141
171798
176937
185504
180370
179071
183877
176285
175720
178733
180685
174527
188992
179669
259530
174434
172267
176649
172752
3896860
178842
175394
172279
176050
177397
172742
179699
192070
179088
178084
179997
184883
187323
174884
174885
188971
175368
175530
186285
3565794
173305
187703
174689
171970
172641
178070
172164
179498
176983
182407
175112
178141
173352
172173
182084
178172
171773
187727
187707
175272
188472
3565879
172528
177396
172957
175651
179996
179110
174296
180600
13198805
172883
184225
181958
173310
184697
177008
172564
185848
183015
182985
179767
189454
182935
187506
189091
182348
3565034
186039
190362
172485
189438
182480
182780
3565100
190384
185260
174655
189513
190367
187832
182251
180627
174792
3565047
353396
182923
176198
173852
171866
177026
177048
187840
175174
179581
176401
3565899
176136
180301
177740
180803
3565581
177741
184680
184678
182943
178952
191138
178996
178045
171918
175918
177207
182747
174634
186604
176672
174055
180291
3565834
181225
189078
179782
181382
174395
179542
191463
174826
177217
180667
174138
174137
185768
189983
174292
3565115
175583
178409
172500
171758
173769
176078
179375
189061
180425
175637
259504
179830
172830
180449
174534
171889
185336
176455
174052
174051
180688
173436
187257
177400
172123
174351
181029
186807
176921
175603
175492
172778
173236
173205
176186
171951
173308
172790
186322
190635
172305
6418633
3565972
176996
181592
173778
172420
190112
174154
175740
179142
183238
180325
172894
181406
3565947
174777
189113
178345
179227
176839
172812
173809
175421
176176
175973
173337
189252
180256
179670
186442
186647
177979
179179
186607
178154
185692
176717
178639
176482
179370
186815
184305
184140
177606
174870
188040
172629
176238
175531
185876
180759
175730
190016
190013
172257
172375
178732
179920
183047
186947
189701
173408
186093
175765
176870
172381
182767
171723
173432
175604
184923
3565110
179241
180501
172487
13180879
175517
183628
172140
172531
186073
181176
188321
187375
179995
178403
174207
185711
180246
173773
179312
190307
179636
183067
3565052
172492
179242
180069
171710
3896719
176173
178039
187319
178993
175682
187238
178300
259526
176095
182456
190363
183196
177812
191344
173882
177300
177844
173984
177301
173885
174032
180278
178529
176101
185333
180921
259861
179473
182648
178621
181274
191019
173783
174153
3565236
189209
3565180
174463
259661
179103
180913
175538
183817
190000
178852
172895
179055
178189
173001
189585
174600
177068
186047
176808
180443
3565273
176768
187082
178917
174471
177625
174838
174753
175773
176424
179779
174040
180394
174514
186378
175770
172011
171818
185970
176382
174275
176842
184429
6418865
174135
172675
175543
184366
174687
181014
353463
188672
181307
181356
180902
176985
180909
174107
173382
172410
179452
180960
191611
179453
180934
181308
186529
179803
176602
177559
171873
179187
353462
184015
173395
174686
174226
180218
173495
186083
179804
180908
180907
190149
178029
188426
171605
176854
259585
176625
181715
176027
183790
173278
181591
177941
173153
177792
172815
259649
179686
172138
181249
178469
181340
175309
185691
173768
179634
177056
180534
179223
171775
182240
185813
172247
177106
3565232
176444
185569
185709
183598
259389
176995
178266
182046
172413
177600
177185
175205
176976
176583
181544
176139
184441
3565876
3896788
190033
173229
177988
172357
175630
3565979
175487
182915
182061
181676
174168
178285
180126
185624
189126
187291
181335
186719
176300
179727
172833
187215
176623
178432
187932
183717
3896754
175822
174280
177377
182049
180924
180547
173345
180784
172368
171874
179454
3564957
179022
171712
177771
173710
177928
179575
172303
177028
174715
176652
176834
259547
174038
178681
180323
185642
172025
183763
3565503
259344
177693
172023
179733
42693
182525
189675
177097
176765
353491
190639
189973
176559
182050
179673
174397
174824
174731
179619
173695
179517
184957
172028
174510
190497
185216
178678
180963
180202
3896740
177458
177338
183473
174979
185146
3565253
183583
182182
3565222
179388
181654
180170
3565709
176510
186008
174372
174054
172311
184770
13191341
185357
3565275
259529
174093
182749
172217
177415
178379
174151
191563
177498
188233
179177
180287
173796
175912
190379
176362
171839
177756
176098
185473
179201
172787
174579
186478
176950
187255
179494
174563
177237
179316
176272
173471
184284
177526
173911
179163
175646
172780
179833
189042
179631
183640
174217
183040
179229
171966
175536
176158
172902
175218
176532
3565214
181917
179411
178728
173954
191277
177293
182077
190782
191627
185213
176313
3565469
188492
184409
185630
176769
191523
178937
184556
175759
178197
172415
174598
176007
171706
173937
176500
172672
174705
184285
174788
177804
178229
176725
174033
181422
174409
176065
3565644
173239
182752
174193
175723
179418
180755
174722
172719
172984
186272
175994
177475
13198804
191771
174289
176338
172686
173575
183400
175520
179419
190512
6418789
175572
259500
177731
187247
176970
186492
183225
180123
172756
188488
176127
172979
353416
173739
172967
173231
179338
181455
178622
184650
178539
177871
175904
178374
189421
186756
190186
175618
172598
181410
183741
